390 910
470 510
310 510
350 510
390 510
430 510
310 550
350 550
390 550
670 510
430 550
710 510
750 510
790 510
630 510
670 550
710 550
750 550
510 510
790 550
470 550
310 590
590 510
790 590
350 590
630 550
550 510
390 590
510 550
670 590
430 590
710 590
310 630
550 550
750 590
350 630
590 550
390 630
790 630
710 630
470 590
510 590
550 590
590 590
630 590
430 630
470 630
510 630
310 670
750 630
470 910
310 910
550 910
750 910
630 910
670 910
790 910
310 870
310 830
790 830
310 750
790 750
790 670
310 710
790 870
350 910
750 870
350 670
750 670
350 870
710 910
790 710
310 790
790 790
390 670
350 830
350 710
670 630
550 630
630 630
710 670
470 670
670 670
430 670
390 710
470 370
310 370
350 370
390 370
430 370
310 330
350 330
390 330
430 330
470 330
470 290
270 370
350 290
470 210
390 290
470 250
430 290
310 290
470 170
350 250
430 210
390 250
430 170
430 250
390 170
390 210
350 210
350 170
310 250
270 330
230 370
630 370
670 370
710 370
750 370
790 370
630 330
670 330
710 330
750 330
790 330
630 290
830 370
630 250
630 210
670 250
670 290
710 290
630 170
750 290
670 210
790 290
710 250
670 170
710 210
710 170
750 210
750 250
750 170
790 250
830 330
870 370
392 1075
466 1075
318 1075
540 1075
761 1075
613 1075
687 1075
835 1075
244 1075
25 835
1075 835
25 761
1075 761
1075 687
25 687
909 1075
25 909
1075 909
25 613
1075 613
170 1075
983 1075
1075 540
25 983
1075 983
25 540
96 1075
25 466
1075 466
540 25
613 25
1075 392
466 25
687 25
392 25
25 392
