net gated_hclk net# 0
(470, 370, 1) - (490, 370, 1) - (510, 370, 1) - (530, 370, 1) - (550, 370, 1) - (570, 370, 1) - (590, 370, 1) - (610, 370, 1) - (630, 370, 1)
(470, 510, 1) - (470, 490, 1) - (470, 470, 1) - (470, 450, 1) - (470, 430, 1) - (470, 410, 1) - (470, 390, 1) - (470, 370, 1)
net u_ahb_ram_genblk3_SRAMADDR[7] net# 1
(470, 330, 1) - (490, 330, 1) - (510, 330, 1) - (530, 330, 1) - (550, 330, 1) - (570, 330, 1) - (590, 330, 1) - (610, 330, 1) - (630, 330, 1)
(510, 510, 1) - (510, 510, 2) - (510, 490, 2) - (510, 470, 2) - (510, 450, 2) - (510, 430, 2) - (510, 410, 2) - (510, 390, 2) - (510, 370, 2) - (510, 350, 2) - (510, 350, 1) - (510, 330, 1)
net u_ahb_ram_genblk3_SRAMADDR[9] net# 2
(430, 370, 1) - (430, 370, 2) - (430, 390, 2) - (450, 390, 2) - (470, 390, 2) - (490, 390, 2) - (490, 390, 1) - (510, 390, 1) - (530, 390, 1) - (550, 390, 1) - (570, 390, 1) - (590, 390, 1) - (610, 390, 1) - (630, 390, 1) - (650, 390, 1) - (650, 370, 1) - (670, 370, 1)
(430, 510, 1) - (430, 490, 1) - (430, 470, 1) - (430, 450, 1) - (430, 430, 1) - (430, 410, 1) - (430, 390, 1) - (430, 370, 1)
net u_ahb_ram_genblk3_SRAMADDR[2] net# 3
(470, 290, 1) - (490, 290, 1) - (510, 290, 1) - (530, 290, 1) - (550, 290, 1) - (570, 290, 1) - (590, 290, 1) - (610, 290, 1) - (630, 290, 1)
(590, 510, 1) - (590, 510, 2) - (590, 490, 2) - (590, 470, 2) - (590, 450, 2) - (590, 430, 2) - (590, 410, 2) - (590, 390, 2) - (590, 370, 2) - (590, 350, 2) - (590, 330, 2) - (590, 310, 2) - (590, 310, 1) - (590, 290, 1)
net u_ahb_ram_genblk3_SRAMADDR[3] net# 4
(670, 510, 1) - (670, 490, 1) - (670, 470, 1) - (670, 450, 1) - (670, 430, 1) - (670, 410, 1) - (670, 390, 1) - (690, 390, 1) - (690, 370, 1) - (690, 350, 1) - (690, 330, 1) - (670, 330, 1)
(430, 330, 1) - (430, 330, 2) - (450, 330, 2) - (470, 330, 2) - (490, 330, 2) - (510, 330, 2) - (530, 330, 2) - (530, 350, 2) - (530, 350, 1) - (550, 350, 1) - (570, 350, 1) - (590, 350, 1) - (610, 350, 1) - (630, 350, 1) - (650, 350, 1) - (650, 330, 1) - (670, 330, 1)
net u_ahb_ram_genblk3_SRAMADDR[0] net# 5
(470, 250, 1) - (490, 250, 1) - (510, 250, 1) - (530, 250, 1) - (550, 250, 1) - (570, 250, 1) - (590, 250, 1) - (610, 250, 1) - (630, 250, 1)
(550, 510, 1) - (550, 510, 2) - (550, 490, 2) - (550, 470, 2) - (550, 450, 2) - (550, 430, 2) - (550, 410, 2) - (550, 390, 2) - (550, 370, 2) - (550, 350, 2) - (550, 330, 2) - (550, 310, 2) - (550, 290, 2) - (550, 270, 2) - (550, 270, 1) - (550, 250, 1)
net u_ahb_ram_genblk3_SRAMADDR[4] net# 6
(390, 370, 1) - (390, 370, 2) - (390, 370, 3) - (410, 370, 3) - (430, 370, 3) - (450, 370, 3) - (470, 370, 3) - (490, 370, 3) - (510, 370, 3) - (530, 370, 3) - (550, 370, 3) - (570, 370, 3) - (590, 370, 3) - (610, 370, 3) - (610, 370, 2) - (610, 350, 2) - (630, 350, 2) - (650, 350, 2) - (670, 350, 2) - (690, 350, 2) - (710, 350, 2) - (710, 350, 1) - (710, 330, 1)
(390, 510, 1) - (390, 490, 1) - (390, 470, 1) - (390, 450, 1) - (390, 430, 1) - (390, 410, 1) - (390, 390, 1) - (390, 370, 1)
net u_ahb_ram_genblk3_SRAMADDR[11] net# 7
(470, 210, 1) - (490, 210, 1) - (510, 210, 1) - (530, 210, 1) - (550, 210, 1) - (570, 210, 1) - (590, 210, 1) - (610, 210, 1) - (630, 210, 1)
(470, 550, 1) - (470, 530, 1) - (450, 530, 1) - (450, 510, 1) - (450, 490, 1) - (450, 470, 1) - (450, 450, 1) - (450, 430, 1) - (450, 410, 1) - (450, 390, 1) - (450, 370, 1) - (450, 350, 1) - (450, 330, 1) - (450, 310, 1) - (450, 290, 1) - (450, 270, 1) - (450, 250, 1) - (450, 230, 1) - (450, 210, 1) - (470, 210, 1)
net u_ahb_ram_genblk3_SRAMADDR[1] net# 8
(430, 290, 1) - (430, 290, 2) - (430, 290, 3) - (450, 290, 3) - (470, 290, 3) - (490, 290, 3) - (510, 290, 3) - (530, 290, 3) - (550, 290, 3) - (570, 290, 3) - (570, 290, 2) - (590, 290, 2) - (610, 290, 2) - (630, 290, 2) - (650, 290, 2) - (650, 290, 1) - (670, 290, 1)
(430, 550, 1) - (430, 530, 1) - (410, 530, 1) - (410, 510, 1) - (410, 490, 1) - (410, 470, 1) - (410, 450, 1) - (410, 430, 1) - (410, 410, 1) - (410, 390, 1) - (410, 370, 1) - (410, 350, 1) - (410, 330, 1) - (410, 310, 1) - (410, 290, 1) - (430, 290, 1)
net u_ahb_ram_genblk3_SRAMADDR[8] net# 9
(710, 510, 1) - (710, 490, 1) - (710, 470, 1) - (710, 450, 1) - (710, 430, 1) - (710, 410, 1) - (710, 390, 1) - (730, 390, 1) - (730, 370, 1) - (730, 350, 1) - (730, 330, 1) - (750, 330, 1)
(390, 330, 1) - (390, 330, 2) - (390, 330, 3) - (410, 330, 3) - (430, 330, 3) - (450, 330, 3) - (470, 330, 3) - (490, 330, 3) - (510, 330, 3) - (530, 330, 3) - (550, 330, 3) - (570, 330, 3) - (590, 330, 3) - (610, 330, 3) - (610, 330, 2) - (630, 330, 2) - (650, 330, 2) - (670, 330, 2) - (690, 330, 2) - (710, 330, 2) - (730, 330, 2) - (730, 330, 1)
net u_ahb_ram_genblk3_SRAMADDR[6] net# 10
(430, 250, 1) - (430, 250, 2) - (450, 250, 2) - (470, 250, 2) - (490, 250, 2) - (510, 250, 2) - (530, 250, 2) - (550, 250, 2) - (570, 250, 2) - (590, 250, 2) - (610, 250, 2) - (630, 250, 2) - (650, 250, 2) - (650, 250, 1) - (670, 250, 1)
(670, 550, 1) - (670, 550, 2) - (670, 550, 3) - (670, 530, 3) - (670, 510, 3) - (670, 490, 3) - (670, 470, 3) - (670, 450, 3) - (670, 430, 3) - (670, 410, 3) - (670, 390, 3) - (670, 370, 3) - (670, 350, 3) - (670, 330, 3) - (670, 310, 3) - (670, 310, 2) - (670, 290, 2) - (670, 270, 2) - (670, 270, 1) - (670, 250, 1)
net u_ahb_ram_genblk3_SRAMADDR[5] net# 11
(470, 170, 1) - (490, 170, 1) - (510, 170, 1) - (530, 170, 1) - (550, 170, 1) - (570, 170, 1) - (590, 170, 1) - (610, 170, 1) - (630, 170, 1)
(630, 550, 1) - (630, 550, 2) - (630, 550, 3) - (630, 530, 3) - (630, 510, 3) - (630, 490, 3) - (630, 470, 3) - (630, 450, 3) - (630, 430, 3) - (630, 410, 3) - (630, 390, 3) - (630, 370, 3) - (630, 350, 3) - (630, 330, 3) - (630, 310, 3) - (630, 290, 3) - (630, 270, 3) - (630, 250, 3) - (630, 230, 3) - (630, 230, 2) - (630, 210, 2) - (630, 190, 2) - (630, 190, 1) - (630, 170, 1)
net u_ahb_ram_genblk3_SRAMADDR[10] net# 12
(350, 330, 1) - (350, 330, 2) - (350, 330, 3) - (350, 310, 3) - (370, 310, 3) - (390, 310, 3) - (410, 310, 3) - (430, 310, 3) - (450, 310, 3) - (470, 310, 3) - (490, 310, 3) - (510, 310, 3) - (530, 310, 3) - (550, 310, 3) - (570, 310, 3) - (590, 310, 3) - (610, 310, 3) - (610, 310, 2) - (610, 310, 1) - (630, 310, 1) - (650, 310, 1) - (670, 310, 1) - (690, 310, 1) - (690, 290, 1) - (710, 290, 1)
(350, 510, 1) - (350, 510, 2) - (350, 490, 2) - (350, 470, 2) - (350, 450, 2) - (350, 430, 2) - (350, 410, 2) - (350, 390, 2) - (350, 370, 2) - (350, 350, 2) - (350, 330, 2)
