Path#0: (790, 870, 1) - (850, 870, 1) - (850, 890, 1) - (950, 890, 1) - (950, 970, 1) - (1070, 970, 1)
WL: 380 Via#: 0 is_IO_net: 0
Path#1: (790, 830, 1) - (950, 830, 1) - (950, 870, 1) - (970, 870, 1) - (970, 890, 1) - (1070, 890, 1)
WL: 340 Via#: 0 is_IO_net: 0
Path#2: (790, 790, 1) - (970, 790, 1) - (970, 850, 1) - (1070, 850, 1)
WL: 340 Via#: 0 is_IO_net: 0
Path#3: (790, 750, 1) - (1070, 750, 1)
WL: 280 Via#: 0 is_IO_net: 0
Path#4: (790, 710, 1) - (790, 690, 1) - (950, 690, 1) - (950, 670, 1) - (1070, 670, 1)
WL: 320 Via#: 0 is_IO_net: 0
Path#5: (790, 670, 1) - (930, 670, 1) - (930, 650, 1) - (970, 650, 1) - (970, 630, 1) - (1070, 630, 1)
WL: 320 Via#: 0 is_IO_net: 0
Path#6: (750, 670, 1) - (770, 670, 1) - (770, 650, 1) - (910, 650, 1) - (910, 630, 1) - (950, 630, 1) - (950, 550, 1) - (1070, 550, 1)
WL: 440 Via#: 0 is_IO_net: 0
Path#7: (790, 630, 1) - (890, 630, 1) - (890, 610, 1) - (910, 610, 1) - (910, 450, 1) - (1070, 450, 1)
WL: 460 Via#: 0 is_IO_net: 0
Path#8: (750, 630, 1) - (770, 630, 1) - (770, 610, 1) - (850, 610, 1) - (850, 590, 1) - (890, 590, 1) - (890, 410, 1) - (1070, 410, 1)
WL: 540 Via#: 0 is_IO_net: 0
Path#9: (750, 870, 1) - (750, 890, 1) - (830, 890, 1) - (830, 910, 1) - (890, 910, 1) - (890, 990, 1) - (970, 990, 1) - (970, 1070, 1)
WL: 420 Via#: 0 is_IO_net: 0
Path#10: (790, 910, 1) - (790, 950, 1) - (870, 950, 1) - (870, 1010, 1) - (890, 1010, 1) - (890, 1070, 1)
WL: 260 Via#: 0 is_IO_net: 0
Path#11: (790, 590, 1) - (830, 590, 1) - (830, 570, 1) - (870, 570, 1) - (870, 370, 1)
WL: 300 Via#: 0 is_IO_net: 0
Path#12: (750, 910, 1) - (750, 970, 1) - (850, 970, 1) - (850, 1070, 1)
WL: 260 Via#: 0 is_IO_net: 0
Path#13: (790, 550, 1) - (790, 530, 1) - (830, 530, 1) - (830, 370, 1)
WL: 220 Via#: 0 is_IO_net: 0
Path#14: (750, 590, 1) - (750, 570, 1) - (810, 570, 1) - (810, 550, 1) - (850, 550, 1) - (850, 350, 1) - (830, 350, 1) - (830, 330, 1)
WL: 380 Via#: 0 is_IO_net: 0
Path#15: (790, 510, 1) - (790, 490, 1) - (810, 490, 1) - (810, 350, 1) - (790, 350, 1) - (790, 330, 1)
WL: 220 Via#: 0 is_IO_net: 0
Path#16: (750, 550, 1) - (770, 550, 1) - (770, 470, 1) - (790, 470, 1) - (790, 370, 1)
WL: 220 Via#: 0 is_IO_net: 0
Path#17: (710, 670, 1) - (730, 670, 1) - (730, 670, 2) - (830, 670, 2) - (830, 290, 2) - (830, 290, 1) - (790, 290, 1)
WL: 540 Via#: 2 is_IO_net: 0
Path#18: (670, 630, 1) - (670, 630, 2) - (690, 630, 2) - (690, 530, 2) - (790, 530, 2) - (790, 270, 2) - (790, 270, 1) - (790, 250, 1)
WL: 500 Via#: 2 is_IO_net: 0
Path#19: (710, 910, 1) - (730, 910, 1) - (730, 990, 1) - (750, 990, 1) - (750, 1070, 1)
WL: 200 Via#: 0 is_IO_net: 0
Path#20: (750, 510, 1) - (750, 450, 1) - (770, 450, 1) - (770, 310, 1) - (750, 310, 1) - (750, 290, 1)
WL: 260 Via#: 0 is_IO_net: 0
Path#21: (710, 550, 1) - (710, 530, 1) - (730, 530, 1) - (730, 430, 1) - (750, 430, 1) - (750, 370, 1)
WL: 220 Via#: 0 is_IO_net: 0
Path#22: (590, 590, 1) - (590, 590, 2) - (610, 590, 2) - (610, 570, 2) - (650, 570, 2) - (650, 470, 2) - (770, 470, 2) - (770, 270, 2) - (750, 270, 2) - (750, 270, 1) - (750, 250, 1)
WL: 540 Via#: 2 is_IO_net: 0
Path#23: (710, 590, 1) - (710, 570, 1) - (710, 570, 2) - (710, 550, 2) - (810, 550, 2) - (810, 270, 2) - (810, 270, 1) - (810, 210, 1) - (750, 210, 1)
WL: 540 Via#: 2 is_IO_net: 0
Path#24: (670, 670, 1) - (670, 670, 2) - (710, 670, 2) - (710, 630, 2) - (710, 630, 3) - (710, 610, 3) - (790, 610, 3) - (790, 230, 3) - (790, 230, 2) - (790, 170, 2) - (790, 170, 1) - (750, 170, 1)
WL: 660 Via#: 4 is_IO_net: 0
Path#25: (710, 630, 1) - (710, 610, 1) - (710, 610, 2) - (730, 610, 2) - (730, 570, 2) - (730, 570, 3) - (730, 490, 3) - (770, 490, 3) - (770, 90, 3) - (670, 90, 3) - (670, 30, 3)
WL: 760 Via#: 2 is_IO_net: 0
Path#26: (630, 510, 1) - (650, 510, 1) - (650, 430, 1) - (650, 430, 2) - (670, 430, 2) - (670, 390, 2) - (710, 390, 2) - (710, 370, 2) - (710, 370, 1)
WL: 220 Via#: 2 is_IO_net: 0
Path#27: (590, 550, 1) - (590, 530, 1) - (630, 530, 1) - (630, 530, 2) - (630, 450, 2) - (750, 450, 2) - (750, 290, 2) - (730, 290, 2) - (730, 270, 2) - (730, 270, 1) - (710, 270, 1) - (710, 250, 1)
WL: 500 Via#: 2 is_IO_net: 0
Path#28: (630, 590, 1) - (650, 590, 1) - (650, 590, 2) - (670, 590, 2) - (670, 570, 2) - (670, 570, 3) - (690, 570, 3) - (690, 390, 3) - (710, 390, 3) - (710, 310, 3) - (710, 310, 2) - (710, 210, 2) - (710, 210, 1)
WL: 460 Via#: 4 is_IO_net: 0
Path#29: (550, 630, 1) - (550, 630, 2) - (550, 610, 2) - (610, 610, 2) - (610, 610, 3) - (670, 610, 3) - (670, 590, 3) - (710, 590, 3) - (710, 430, 3) - (750, 430, 3) - (750, 230, 3) - (710, 230, 3) - (710, 170, 3) - (710, 170, 2) - (710, 170, 1)
WL: 700 Via#: 4 is_IO_net: 0
Path#30: (670, 910, 1) - (670, 1070, 1)
WL: 160 Via#: 0 is_IO_net: 0
Path#31: (670, 590, 1) - (690, 590, 1) - (690, 430, 1) - (690, 430, 2) - (690, 410, 2) - (710, 410, 2) - (710, 410, 3) - (730, 410, 3) - (730, 250, 3) - (690, 250, 3) - (690, 250, 2) - (670, 250, 2) - (670, 230, 2) - (670, 230, 1) - (670, 210, 1)
WL: 500 Via#: 4 is_IO_net: 0
Path#32: (550, 590, 1) - (550, 570, 1) - (550, 570, 2) - (590, 570, 2) - (590, 550, 2) - (610, 550, 2) - (610, 390, 2) - (650, 390, 2) - (650, 370, 2) - (690, 370, 2) - (690, 370, 3) - (690, 290, 3) - (670, 290, 3) - (670, 190, 3) - (670, 190, 2) - (670, 190, 1) - (670, 170, 1)
WL: 580 Via#: 4 is_IO_net: 0
Path#33: (630, 910, 1) - (630, 1070, 1)
WL: 160 Via#: 0 is_IO_net: 0
Path#34: (630, 630, 1) - (630, 630, 2) - (630, 590, 2) - (630, 590, 3) - (630, 570, 3) - (650, 570, 3) - (650, 210, 3) - (630, 210, 3) - (630, 30, 3)
WL: 640 Via#: 2 is_IO_net: 0
Path#35: (550, 910, 1) - (530, 910, 1) - (530, 1070, 1)
WL: 180 Via#: 0 is_IO_net: 0
Path#36: (550, 550, 1) - (550, 530, 1) - (550, 530, 2) - (570, 530, 2) - (570, 310, 2) - (570, 310, 1) - (530, 310, 1) - (530, 310, 2) - (530, 270, 2) - (530, 270, 3) - (550, 270, 3) - (550, 30, 3)
WL: 600 Via#: 4 is_IO_net: 0
Path#37: (510, 630, 1) - (510, 610, 1) - (510, 610, 2) - (510, 610, 3) - (510, 590, 3) - (290, 590, 3) - (290, 170, 3) - (390, 170, 3) - (390, 170, 2) - (390, 170, 1)
WL: 780 Via#: 4 is_IO_net: 0
Path#38: (510, 590, 1) - (510, 590, 2) - (510, 570, 2) - (490, 570, 2) - (490, 570, 3) - (310, 570, 3) - (310, 190, 3) - (410, 190, 3) - (410, 30, 3)
WL: 860 Via#: 2 is_IO_net: 0
Path#39: (510, 550, 1) - (490, 550, 1) - (490, 470, 1) - (490, 470, 2) - (490, 470, 3) - (490, 430, 3) - (330, 430, 3) - (330, 270, 3) - (450, 270, 3) - (450, 30, 3)
WL: 820 Via#: 2 is_IO_net: 0
Path#40: (470, 910, 1) - (470, 950, 1) - (450, 950, 1) - (450, 1070, 1)
WL: 180 Via#: 0 is_IO_net: 0
Path#41: (470, 670, 1) - (470, 650, 1) - (410, 650, 1) - (410, 630, 1) - (410, 630, 2) - (410, 630, 3) - (270, 630, 3) - (270, 230, 3) - (270, 230, 2) - (290, 230, 2) - (290, 190, 2) - (290, 190, 1) - (290, 170, 1) - (350, 170, 1)
WL: 780 Via#: 4 is_IO_net: 0
Path#42: (470, 630, 1) - (470, 610, 1) - (470, 610, 2) - (470, 590, 2) - (450, 590, 2) - (450, 490, 2) - (390, 490, 2) - (390, 450, 2) - (370, 450, 2) - (370, 310, 2) - (390, 310, 2) - (390, 190, 2) - (410, 190, 2) - (410, 170, 2) - (430, 170, 2) - (430, 170, 1)
WL: 620 Via#: 2 is_IO_net: 0
Path#43: (470, 590, 1) - (470, 570, 1) - (470, 570, 2) - (470, 470, 2) - (410, 470, 2) - (410, 230, 2) - (430, 230, 2) - (430, 230, 1) - (430, 210, 1)
WL: 460 Via#: 2 is_IO_net: 0
Path#44: (430, 670, 1) - (410, 670, 1) - (410, 670, 2) - (250, 670, 2) - (250, 250, 2) - (250, 250, 1) - (310, 250, 1)
WL: 660 Via#: 2 is_IO_net: 0
Path#45: (430, 630, 1) - (430, 610, 1) - (430, 610, 2) - (310, 610, 2) - (310, 350, 2) - (310, 350, 1) - (310, 330, 1)
WL: 420 Via#: 2 is_IO_net: 0
Path#46: (430, 590, 1) - (410, 590, 1) - (410, 550, 1) - (410, 550, 2) - (410, 510, 2) - (370, 510, 2) - (370, 470, 2) - (370, 470, 1) - (370, 310, 1) - (390, 310, 1) - (390, 290, 1)
WL: 380 Via#: 2 is_IO_net: 0
Path#47: (390, 910, 1) - (410, 910, 1) - (410, 1070, 1)
WL: 180 Via#: 0 is_IO_net: 0
Path#48: (390, 710, 1) - (370, 710, 1) - (370, 730, 1) - (90, 730, 1) - (90, 670, 1) - (30, 670, 1)
WL: 440 Via#: 0 is_IO_net: 0
Path#49: (390, 670, 1) - (390, 650, 1) - (370, 650, 1) - (370, 650, 2) - (270, 650, 2) - (270, 250, 2) - (330, 250, 2) - (330, 230, 2) - (350, 230, 2) - (350, 210, 2) - (350, 210, 1)
WL: 660 Via#: 2 is_IO_net: 0
Path#50: (390, 630, 1) - (370, 630, 1) - (370, 630, 2) - (290, 630, 2) - (290, 270, 2) - (350, 270, 2) - (350, 250, 2) - (370, 250, 2) - (370, 250, 1) - (370, 230, 1) - (390, 230, 1) - (390, 210, 1)
WL: 620 Via#: 2 is_IO_net: 0
Path#51: (390, 590, 1) - (370, 590, 1) - (370, 490, 1) - (350, 490, 1) - (350, 370, 1)
WL: 260 Via#: 0 is_IO_net: 0
Path#52: (390, 550, 1) - (390, 530, 1) - (390, 530, 2) - (330, 530, 2) - (330, 290, 2) - (370, 290, 2) - (370, 290, 1) - (370, 270, 1) - (390, 270, 1) - (390, 250, 1)
WL: 420 Via#: 2 is_IO_net: 0
Path#53: (350, 910, 1) - (350, 1010, 1) - (330, 1010, 1) - (330, 1070, 1)
WL: 180 Via#: 0 is_IO_net: 0
Path#54: (350, 870, 1) - (350, 890, 1) - (330, 890, 1) - (330, 990, 1) - (230, 990, 1) - (230, 1070, 1)
WL: 320 Via#: 0 is_IO_net: 0
Path#55: (350, 830, 1) - (350, 850, 1) - (270, 850, 1) - (270, 910, 1) - (110, 910, 1) - (110, 970, 1) - (30, 970, 1)
WL: 460 Via#: 0 is_IO_net: 0
Path#56: (350, 710, 1) - (350, 690, 1) - (150, 690, 1) - (150, 550, 1) - (30, 550, 1)
WL: 480 Via#: 0 is_IO_net: 0
Path#57: (350, 670, 1) - (350, 650, 1) - (190, 650, 1) - (190, 410, 1) - (30, 410, 1)
WL: 580 Via#: 0 is_IO_net: 0
Path#58: (350, 630, 1) - (350, 610, 1) - (230, 610, 1) - (230, 370, 1)
WL: 380 Via#: 0 is_IO_net: 0
Path#59: (350, 590, 1) - (350, 570, 1) - (270, 570, 1) - (270, 370, 1)
WL: 300 Via#: 0 is_IO_net: 0
Path#60: (350, 550, 1) - (350, 530, 1) - (330, 530, 1) - (330, 290, 1) - (350, 290, 1)
WL: 300 Via#: 0 is_IO_net: 0
Path#61: (310, 630, 1) - (210, 630, 1) - (210, 270, 1) - (350, 270, 1) - (350, 250, 1)
WL: 620 Via#: 0 is_IO_net: 0
Path#62: (310, 910, 1) - (310, 970, 1) - (210, 970, 1) - (210, 1010, 1) - (150, 1010, 1) - (150, 1070, 1)
WL: 320 Via#: 0 is_IO_net: 0
Path#63: (310, 870, 1) - (310, 890, 1) - (290, 890, 1) - (290, 950, 1) - (170, 950, 1) - (170, 990, 1) - (110, 990, 1) - (110, 1070, 1)
WL: 400 Via#: 0 is_IO_net: 0
Path#64: (310, 830, 1) - (250, 830, 1) - (250, 890, 1) - (30, 890, 1)
WL: 340 Via#: 0 is_IO_net: 0
Path#65: (310, 790, 1) - (230, 790, 1) - (230, 850, 1) - (30, 850, 1)
WL: 340 Via#: 0 is_IO_net: 0
Path#66: (310, 750, 1) - (30, 750, 1)
WL: 280 Via#: 0 is_IO_net: 0
Path#67: (310, 710, 1) - (110, 710, 1) - (110, 630, 1) - (30, 630, 1)
WL: 360 Via#: 0 is_IO_net: 0
Path#68: (310, 670, 1) - (170, 670, 1) - (170, 450, 1) - (30, 450, 1)
WL: 500 Via#: 0 is_IO_net: 0
Path#69: (310, 590, 1) - (250, 590, 1) - (250, 350, 1) - (270, 350, 1) - (270, 330, 1)
WL: 340 Via#: 0 is_IO_net: 0
Path#70: (310, 550, 1) - (310, 530, 1) - (290, 530, 1) - (290, 310, 1) - (310, 310, 1) - (310, 290, 1)
WL: 300 Via#: 0 is_IO_net: 0
Path#71: (310, 510, 1) - (310, 370, 1)
WL: 140 Via#: 0 is_IO_net: 0
Path#72: (470, 370, 1) - (630, 370, 1)
WL: 160 Via#: 0 is_IO_net: 0
Path#73: (470, 510, 1) - (470, 370, 1)
WL: 140 Via#: 0 is_IO_net: 0
Path#74: (470, 330, 1) - (630, 330, 1)
WL: 160 Via#: 0 is_IO_net: 0
Path#75: (510, 510, 1) - (510, 510, 2) - (510, 350, 2) - (510, 350, 1) - (510, 330, 1)
WL: 180 Via#: 2 is_IO_net: 0
Path#76: (430, 370, 1) - (430, 370, 2) - (430, 390, 2) - (490, 390, 2) - (490, 390, 1) - (650, 390, 1) - (650, 370, 1) - (670, 370, 1)
WL: 280 Via#: 2 is_IO_net: 0
Path#77: (430, 510, 1) - (430, 370, 1)
WL: 140 Via#: 0 is_IO_net: 0
Path#78: (470, 290, 1) - (630, 290, 1)
WL: 160 Via#: 0 is_IO_net: 0
Path#79: (590, 510, 1) - (590, 510, 2) - (590, 310, 2) - (590, 310, 1) - (590, 290, 1)
WL: 220 Via#: 2 is_IO_net: 0
Path#80: (670, 510, 1) - (670, 390, 1) - (690, 390, 1) - (690, 330, 1) - (670, 330, 1)
WL: 220 Via#: 0 is_IO_net: 0
Path#81: (430, 330, 1) - (430, 330, 2) - (530, 330, 2) - (530, 350, 2) - (530, 350, 1) - (650, 350, 1) - (650, 330, 1) - (670, 330, 1)
WL: 280 Via#: 2 is_IO_net: 0
Path#82: (470, 250, 1) - (630, 250, 1)
WL: 160 Via#: 0 is_IO_net: 0
Path#83: (550, 510, 1) - (550, 510, 2) - (550, 270, 2) - (550, 270, 1) - (550, 250, 1)
WL: 260 Via#: 2 is_IO_net: 0
Path#84: (390, 370, 1) - (390, 370, 2) - (390, 370, 3) - (610, 370, 3) - (610, 370, 2) - (610, 350, 2) - (710, 350, 2) - (710, 350, 1) - (710, 330, 1)
WL: 360 Via#: 4 is_IO_net: 0
Path#85: (390, 510, 1) - (390, 370, 1)
WL: 140 Via#: 0 is_IO_net: 0
Path#86: (470, 210, 1) - (630, 210, 1)
WL: 160 Via#: 0 is_IO_net: 0
Path#87: (470, 550, 1) - (470, 530, 1) - (450, 530, 1) - (450, 210, 1) - (470, 210, 1)
WL: 380 Via#: 0 is_IO_net: 0
Path#88: (430, 290, 1) - (430, 290, 2) - (430, 290, 3) - (570, 290, 3) - (570, 290, 2) - (650, 290, 2) - (650, 290, 1) - (670, 290, 1)
WL: 240 Via#: 4 is_IO_net: 0
Path#89: (430, 550, 1) - (430, 530, 1) - (410, 530, 1) - (410, 290, 1) - (430, 290, 1)
WL: 300 Via#: 0 is_IO_net: 0
Path#90: (710, 510, 1) - (710, 390, 1) - (730, 390, 1) - (730, 330, 1) - (750, 330, 1)
WL: 220 Via#: 0 is_IO_net: 0
Path#91: (390, 330, 1) - (390, 330, 2) - (390, 330, 3) - (610, 330, 3) - (610, 330, 2) - (730, 330, 2) - (730, 330, 1)
WL: 340 Via#: 4 is_IO_net: 0
Path#92: (430, 250, 1) - (430, 250, 2) - (650, 250, 2) - (650, 250, 1) - (670, 250, 1)
WL: 240 Via#: 2 is_IO_net: 0
Path#93: (670, 550, 1) - (670, 550, 2) - (670, 550, 3) - (670, 310, 3) - (670, 310, 2) - (670, 270, 2) - (670, 270, 1) - (670, 250, 1)
WL: 300 Via#: 4 is_IO_net: 0
Path#94: (470, 170, 1) - (630, 170, 1)
WL: 160 Via#: 0 is_IO_net: 0
Path#95: (630, 550, 1) - (630, 550, 2) - (630, 550, 3) - (630, 230, 3) - (630, 230, 2) - (630, 190, 2) - (630, 190, 1) - (630, 170, 1)
WL: 380 Via#: 4 is_IO_net: 0
Path#96: (350, 330, 1) - (350, 330, 2) - (350, 330, 3) - (350, 310, 3) - (610, 310, 3) - (610, 310, 2) - (610, 310, 1) - (690, 310, 1) - (690, 290, 1) - (710, 290, 1)
WL: 400 Via#: 4 is_IO_net: 0
Path#97: (350, 510, 1) - (350, 510, 2) - (350, 330, 2)
WL: 180 Via#: 1 is_IO_net: 0