Path#0: (790, 870, 1) - (850, 870, 1) - (850, 890, 1) - (950, 890, 1) - (950, 930, 1) - (990, 930, 1) - (990, 970, 1) - (1075, 970, 1)
WL: 320 Via#: 0 is_IO_net: 1
Path#1: (790, 830, 1) - (850, 830, 1) - (850, 850, 1) - (950, 850, 1) - (950, 870, 1) - (970, 870, 1) - (970, 890, 1) - (1075, 890, 1)
WL: 280 Via#: 0 is_IO_net: 1
Path#2: (790, 790, 1) - (830, 790, 1) - (830, 810, 1) - (890, 810, 1) - (890, 830, 1) - (970, 830, 1) - (970, 850, 1) - (1075, 850, 1)
WL: 280 Via#: 0 is_IO_net: 1
Path#3: (790, 750, 1) - (1075, 750, 1)
WL: 220 Via#: 0 is_IO_net: 1
Path#4: (790, 710, 1) - (790, 690, 1) - (950, 690, 1) - (950, 670, 1) - (1075, 670, 1)
WL: 260 Via#: 0 is_IO_net: 1
Path#5: (790, 670, 1) - (930, 670, 1) - (930, 650, 1) - (970, 650, 1) - (970, 630, 1) - (1075, 630, 1)
WL: 260 Via#: 0 is_IO_net: 1
Path#6: (750, 670, 1) - (770, 670, 1) - (770, 650, 1) - (910, 650, 1) - (910, 630, 1) - (950, 630, 1) - (950, 590, 1) - (970, 590, 1) - (970, 570, 1) - (990, 570, 1) - (990, 550, 1) - (1075, 550, 1)
WL: 380 Via#: 0 is_IO_net: 1
Path#7: (790, 630, 1) - (890, 630, 1) - (890, 610, 1) - (910, 610, 1) - (910, 550, 1) - (950, 550, 1) - (950, 530, 1) - (1010, 530, 1) - (1010, 450, 1) - (1075, 450, 1)
WL: 400 Via#: 0 is_IO_net: 1
Path#8: (750, 630, 1) - (770, 630, 1) - (770, 610, 1) - (850, 610, 1) - (850, 590, 1) - (890, 590, 1) - (890, 530, 1) - (910, 530, 1) - (910, 510, 1) - (930, 510, 1) - (930, 490, 1) - (950, 490, 1) - (950, 450, 1) - (970, 450, 1) - (970, 430, 1) - (990, 430, 1) - (990, 410, 1) - (1075, 410, 1)
WL: 480 Via#: 0 is_IO_net: 1
Path#9: (750, 870, 1) - (750, 890, 1) - (830, 890, 1) - (830, 910, 1) - (870, 910, 1) - (870, 930, 1) - (890, 930, 1) - (890, 990, 1) - (910, 990, 1) - (910, 1010, 1) - (970, 1010, 1) - (970, 1075, 1)
WL: 360 Via#: 0 is_IO_net: 1
Path#10: (790, 910, 1) - (790, 930, 1) - (850, 930, 1) - (850, 950, 1) - (870, 950, 1) - (870, 1010, 1) - (890, 1010, 1) - (890, 1075, 1)
WL: 200 Via#: 0 is_IO_net: 1
Path#11: (790, 590, 1) - (830, 590, 1) - (830, 570, 1) - (850, 570, 1) - (850, 550, 1) - (870, 550, 1) - (870, 370, 1)
WL: 300 Via#: 0 is_IO_net: 0
Path#12: (750, 910, 1) - (750, 970, 1) - (790, 970, 1) - (790, 1010, 1) - (850, 1010, 1) - (850, 1075, 1)
WL: 200 Via#: 0 is_IO_net: 1
Path#13: (790, 550, 1) - (790, 530, 1) - (810, 530, 1) - (810, 510, 1) - (830, 510, 1) - (830, 370, 1)
WL: 220 Via#: 0 is_IO_net: 0
Path#14: (750, 590, 1) - (750, 570, 1) - (810, 570, 1) - (810, 550, 1) - (830, 550, 1) - (830, 530, 1) - (850, 530, 1) - (850, 350, 1) - (830, 350, 1) - (830, 330, 1)
WL: 380 Via#: 0 is_IO_net: 0
Path#15: (790, 510, 1) - (790, 490, 1) - (810, 490, 1) - (810, 350, 1) - (790, 350, 1) - (790, 330, 1)
WL: 220 Via#: 0 is_IO_net: 0
Path#16: (750, 550, 1) - (770, 550, 1) - (770, 470, 1) - (790, 470, 1) - (790, 370, 1)
WL: 220 Via#: 0 is_IO_net: 0
Path#17: (710, 670, 1) - (730, 670, 1) - (730, 670, 2) - (750, 670, 2) - (750, 590, 2) - (790, 590, 2) - (790, 510, 2) - (810, 510, 2) - (810, 450, 2) - (830, 450, 2) - (830, 290, 2) - (830, 290, 1) - (790, 290, 1)
WL: 540 Via#: 2 is_IO_net: 0
Path#18: (670, 630, 1) - (670, 630, 2) - (690, 630, 2) - (690, 530, 2) - (710, 530, 2) - (710, 490, 2) - (750, 490, 2) - (750, 470, 2) - (770, 470, 2) - (770, 390, 2) - (790, 390, 2) - (790, 270, 2) - (790, 270, 1) - (790, 250, 1)
WL: 500 Via#: 2 is_IO_net: 0
Path#19: (710, 910, 1) - (730, 910, 1) - (730, 990, 1) - (750, 990, 1) - (750, 1075, 1)
WL: 140 Via#: 0 is_IO_net: 1
Path#20: (750, 510, 1) - (750, 450, 1) - (770, 450, 1) - (770, 310, 1) - (750, 310, 1) - (750, 290, 1)
WL: 260 Via#: 0 is_IO_net: 0
Path#21: (710, 550, 1) - (710, 530, 1) - (730, 530, 1) - (730, 430, 1) - (750, 430, 1) - (750, 370, 1)
WL: 220 Via#: 0 is_IO_net: 0
Path#22: (590, 590, 1) - (590, 590, 2) - (610, 590, 2) - (610, 570, 2) - (650, 570, 2) - (650, 530, 2) - (670, 530, 2) - (670, 510, 2) - (690, 510, 2) - (690, 470, 2) - (730, 470, 2) - (730, 450, 2) - (750, 450, 2) - (750, 370, 2) - (770, 370, 2) - (770, 270, 2) - (750, 270, 2) - (750, 270, 1) - (750, 250, 1)
WL: 540 Via#: 2 is_IO_net: 0
Path#23: (710, 590, 1) - (710, 570, 1) - (710, 570, 2) - (710, 550, 2) - (730, 550, 2) - (730, 530, 2) - (750, 530, 2) - (750, 510, 2) - (770, 510, 2) - (770, 490, 2) - (790, 490, 2) - (790, 410, 2) - (810, 410, 2) - (810, 270, 2) - (810, 270, 1) - (810, 230, 1) - (790, 230, 1) - (790, 210, 1) - (750, 210, 1)
WL: 540 Via#: 2 is_IO_net: 0
Path#24: (670, 670, 1) - (670, 670, 2) - (710, 670, 2) - (710, 630, 2) - (710, 630, 3) - (710, 610, 3) - (730, 610, 3) - (730, 590, 3) - (750, 590, 3) - (750, 570, 3) - (770, 570, 3) - (770, 550, 3) - (790, 550, 3) - (790, 230, 3) - (790, 230, 2) - (790, 170, 2) - (790, 170, 1) - (750, 170, 1)
WL: 660 Via#: 4 is_IO_net: 0
Path#25: (710, 630, 1) - (710, 610, 1) - (710, 610, 2) - (730, 610, 2) - (730, 570, 2) - (730, 570, 3) - (730, 490, 3) - (750, 490, 3) - (750, 450, 3) - (770, 450, 3) - (770, 90, 3) - (670, 90, 3) - (670, 25, 3)
WL: 700 Via#: 2 is_IO_net: 1
Path#26: (630, 510, 1) - (650, 510, 1) - (650, 430, 1) - (650, 430, 2) - (670, 430, 2) - (670, 390, 2) - (710, 390, 2) - (710, 370, 2) - (710, 370, 1)
WL: 220 Via#: 2 is_IO_net: 0
Path#27: (590, 550, 1) - (590, 530, 1) - (630, 530, 1) - (630, 530, 2) - (630, 510, 2) - (650, 510, 2) - (650, 490, 2) - (670, 490, 2) - (670, 450, 2) - (710, 450, 2) - (710, 430, 2) - (730, 430, 2) - (730, 350, 2) - (750, 350, 2) - (750, 290, 2) - (730, 290, 2) - (730, 270, 2) - (730, 270, 1) - (710, 270, 1) - (710, 250, 1)
WL: 500 Via#: 2 is_IO_net: 0
Path#28: (630, 590, 1) - (650, 590, 1) - (650, 590, 2) - (670, 590, 2) - (670, 570, 2) - (670, 570, 3) - (690, 570, 3) - (690, 390, 3) - (710, 390, 3) - (710, 310, 3) - (710, 310, 2) - (710, 210, 2) - (710, 210, 1)
WL: 460 Via#: 4 is_IO_net: 0
Path#29: (550, 630, 1) - (550, 630, 2) - (550, 610, 2) - (610, 610, 2) - (610, 610, 3) - (670, 610, 3) - (670, 590, 3) - (710, 590, 3) - (710, 470, 3) - (730, 470, 3) - (730, 430, 3) - (750, 430, 3) - (750, 270, 3) - (730, 270, 3) - (730, 230, 3) - (710, 230, 3) - (710, 170, 3) - (710, 170, 2) - (710, 170, 1)
WL: 700 Via#: 4 is_IO_net: 0
Path#30: (670, 910, 1) - (670, 1075, 1)
WL: 100 Via#: 0 is_IO_net: 1
Path#31: (670, 590, 1) - (690, 590, 1) - (690, 430, 1) - (690, 430, 2) - (690, 410, 2) - (710, 410, 2) - (710, 410, 3) - (730, 410, 3) - (730, 290, 3) - (710, 290, 3) - (710, 250, 3) - (690, 250, 3) - (690, 250, 2) - (670, 250, 2) - (670, 230, 2) - (670, 230, 1) - (670, 210, 1)
WL: 500 Via#: 4 is_IO_net: 0
Path#32: (550, 590, 1) - (550, 570, 1) - (550, 570, 2) - (590, 570, 2) - (590, 550, 2) - (610, 550, 2) - (610, 390, 2) - (650, 390, 2) - (650, 370, 2) - (690, 370, 2) - (690, 370, 3) - (690, 290, 3) - (670, 290, 3) - (670, 190, 3) - (670, 190, 2) - (670, 190, 1) - (670, 170, 1)
WL: 580 Via#: 4 is_IO_net: 0
Path#33: (630, 910, 1) - (630, 1075, 1)
WL: 100 Via#: 0 is_IO_net: 1
Path#34: (630, 630, 1) - (630, 630, 2) - (630, 590, 2) - (630, 590, 3) - (630, 570, 3) - (650, 570, 3) - (650, 210, 3) - (630, 210, 3) - (630, 25, 3)
WL: 580 Via#: 2 is_IO_net: 1
Path#35: (550, 910, 1) - (530, 910, 1) - (530, 1075, 1)
WL: 120 Via#: 0 is_IO_net: 1
Path#36: (550, 550, 1) - (550, 530, 1) - (550, 530, 2) - (570, 530, 2) - (570, 310, 2) - (570, 310, 1) - (530, 310, 1) - (530, 310, 2) - (530, 270, 2) - (530, 270, 3) - (550, 270, 3) - (550, 25, 3)
WL: 540 Via#: 4 is_IO_net: 1
Path#37: (510, 630, 1) - (510, 610, 1) - (510, 610, 2) - (510, 610, 3) - (510, 590, 3) - (430, 590, 3) - (430, 570, 3) - (390, 570, 3) - (390, 550, 3) - (350, 550, 3) - (350, 490, 3) - (330, 490, 3) - (330, 450, 3) - (310, 450, 3) - (310, 410, 3) - (290, 410, 3) - (290, 250, 3) - (330, 250, 3) - (330, 230, 3) - (350, 230, 3) - (350, 170, 3) - (390, 170, 3) - (390, 170, 2) - (390, 170, 1)
WL: 780 Via#: 4 is_IO_net: 0
Path#38: (510, 590, 1) - (510, 590, 2) - (510, 570, 2) - (490, 570, 2) - (490, 570, 3) - (470, 570, 3) - (470, 550, 3) - (430, 550, 3) - (430, 530, 3) - (410, 530, 3) - (410, 510, 3) - (370, 510, 3) - (370, 470, 3) - (350, 470, 3) - (350, 410, 3) - (330, 410, 3) - (330, 390, 3) - (310, 390, 3) - (310, 270, 3) - (350, 270, 3) - (350, 250, 3) - (370, 250, 3) - (370, 230, 3) - (390, 230, 3) - (390, 190, 3) - (410, 190, 3) - (410, 25, 3)
WL: 800 Via#: 2 is_IO_net: 1
Path#39: (510, 550, 1) - (490, 550, 1) - (490, 470, 1) - (490, 470, 2) - (490, 470, 3) - (490, 450, 3) - (410, 450, 3) - (410, 430, 3) - (390, 430, 3) - (390, 410, 3) - (370, 410, 3) - (370, 390, 3) - (350, 390, 3) - (350, 370, 3) - (330, 370, 3) - (330, 290, 3) - (410, 290, 3) - (410, 270, 3) - (450, 270, 3) - (450, 25, 3)
WL: 760 Via#: 2 is_IO_net: 1
Path#40: (470, 910, 1) - (470, 950, 1) - (450, 950, 1) - (450, 1075, 1)
WL: 120 Via#: 0 is_IO_net: 1
Path#41: (470, 670, 1) - (470, 650, 1) - (410, 650, 1) - (410, 630, 1) - (410, 630, 2) - (410, 630, 3) - (330, 630, 3) - (330, 590, 3) - (310, 590, 3) - (310, 530, 3) - (290, 530, 3) - (290, 430, 3) - (270, 430, 3) - (270, 230, 3) - (270, 230, 2) - (290, 230, 2) - (290, 190, 2) - (290, 190, 1) - (290, 170, 1) - (350, 170, 1)
WL: 780 Via#: 4 is_IO_net: 0
Path#42: (470, 630, 1) - (470, 610, 1) - (470, 610, 2) - (470, 590, 2) - (450, 590, 2) - (450, 490, 2) - (390, 490, 2) - (390, 450, 2) - (370, 450, 2) - (370, 310, 2) - (390, 310, 2) - (390, 190, 2) - (410, 190, 2) - (410, 170, 2) - (430, 170, 2) - (430, 170, 1)
WL: 620 Via#: 2 is_IO_net: 0
Path#43: (470, 590, 1) - (470, 570, 1) - (470, 570, 2) - (470, 470, 2) - (410, 470, 2) - (410, 230, 2) - (430, 230, 2) - (430, 230, 1) - (430, 210, 1)
WL: 460 Via#: 2 is_IO_net: 0
Path#44: (430, 670, 1) - (410, 670, 1) - (410, 670, 2) - (310, 670, 2) - (310, 650, 2) - (270, 650, 2) - (270, 610, 2) - (250, 610, 2) - (250, 250, 2) - (250, 250, 1) - (310, 250, 1)
WL: 660 Via#: 2 is_IO_net: 0
Path#45: (430, 630, 1) - (430, 610, 1) - (430, 610, 2) - (370, 610, 2) - (370, 550, 2) - (310, 550, 2) - (310, 350, 2) - (310, 350, 1) - (310, 330, 1)
WL: 420 Via#: 2 is_IO_net: 0
Path#46: (430, 590, 1) - (410, 590, 1) - (410, 550, 1) - (410, 550, 2) - (410, 510, 2) - (370, 510, 2) - (370, 470, 2) - (370, 470, 1) - (370, 310, 1) - (390, 310, 1) - (390, 290, 1)
WL: 380 Via#: 2 is_IO_net: 0
Path#47: (390, 910, 1) - (410, 910, 1) - (410, 1075, 1)
WL: 120 Via#: 0 is_IO_net: 1
Path#48: (390, 710, 1) - (370, 710, 1) - (370, 730, 1) - (110, 730, 1) - (110, 690, 1) - (90, 690, 1) - (90, 670, 1) - (25, 670, 1)
WL: 380 Via#: 0 is_IO_net: 1
Path#49: (390, 670, 1) - (390, 650, 1) - (370, 650, 1) - (370, 650, 2) - (330, 650, 2) - (330, 610, 2) - (290, 610, 2) - (290, 590, 2) - (270, 590, 2) - (270, 270, 2) - (310, 270, 2) - (310, 250, 2) - (330, 250, 2) - (330, 230, 2) - (350, 230, 2) - (350, 210, 2) - (350, 210, 1)
WL: 660 Via#: 2 is_IO_net: 0
Path#50: (390, 630, 1) - (370, 630, 1) - (370, 630, 2) - (350, 630, 2) - (350, 570, 2) - (290, 570, 2) - (290, 290, 2) - (330, 290, 2) - (330, 270, 2) - (350, 270, 2) - (350, 250, 2) - (370, 250, 2) - (370, 250, 1) - (370, 230, 1) - (390, 230, 1) - (390, 210, 1)
WL: 620 Via#: 2 is_IO_net: 0
Path#51: (390, 590, 1) - (370, 590, 1) - (370, 490, 1) - (350, 490, 1) - (350, 370, 1)
WL: 260 Via#: 0 is_IO_net: 0
Path#52: (390, 550, 1) - (390, 530, 1) - (390, 530, 2) - (330, 530, 2) - (330, 310, 2) - (350, 310, 2) - (350, 290, 2) - (370, 290, 2) - (370, 290, 1) - (370, 270, 1) - (390, 270, 1) - (390, 250, 1)
WL: 420 Via#: 2 is_IO_net: 0
Path#53: (350, 910, 1) - (350, 1010, 1) - (330, 1010, 1) - (330, 1075, 1)
WL: 120 Via#: 0 is_IO_net: 1
Path#54: (350, 870, 1) - (350, 890, 1) - (330, 890, 1) - (330, 990, 1) - (310, 990, 1) - (310, 1010, 1) - (230, 1010, 1) - (230, 1075, 1)
WL: 260 Via#: 0 is_IO_net: 1
Path#55: (350, 830, 1) - (350, 850, 1) - (290, 850, 1) - (290, 870, 1) - (270, 870, 1) - (270, 910, 1) - (190, 910, 1) - (190, 930, 1) - (110, 930, 1) - (110, 970, 1) - (25, 970, 1)
WL: 400 Via#: 0 is_IO_net: 1
Path#56: (350, 710, 1) - (350, 690, 1) - (170, 690, 1) - (170, 670, 1) - (150, 670, 1) - (150, 650, 1) - (130, 650, 1) - (130, 550, 1) - (25, 550, 1)
WL: 420 Via#: 0 is_IO_net: 1
Path#57: (350, 670, 1) - (350, 650, 1) - (210, 650, 1) - (210, 630, 1) - (190, 630, 1) - (190, 450, 1) - (130, 450, 1) - (130, 430, 1) - (110, 430, 1) - (110, 410, 1) - (25, 410, 1)
WL: 520 Via#: 0 is_IO_net: 1
Path#58: (350, 630, 1) - (350, 610, 1) - (250, 610, 1) - (250, 590, 1) - (230, 590, 1) - (230, 370, 1)
WL: 380 Via#: 0 is_IO_net: 0
Path#59: (350, 590, 1) - (350, 570, 1) - (290, 570, 1) - (290, 550, 1) - (270, 550, 1) - (270, 370, 1)
WL: 300 Via#: 0 is_IO_net: 0
Path#60: (350, 550, 1) - (350, 530, 1) - (330, 530, 1) - (330, 290, 1) - (350, 290, 1)
WL: 300 Via#: 0 is_IO_net: 0
Path#61: (310, 630, 1) - (230, 630, 1) - (230, 610, 1) - (210, 610, 1) - (210, 350, 1) - (230, 350, 1) - (230, 330, 1) - (250, 330, 1) - (250, 290, 1) - (290, 290, 1) - (290, 270, 1) - (350, 270, 1) - (350, 250, 1)
WL: 620 Via#: 0 is_IO_net: 0
Path#62: (310, 910, 1) - (310, 970, 1) - (210, 970, 1) - (210, 1010, 1) - (150, 1010, 1) - (150, 1075, 1)
WL: 260 Via#: 0 is_IO_net: 1
Path#63: (310, 870, 1) - (310, 890, 1) - (290, 890, 1) - (290, 930, 1) - (230, 930, 1) - (230, 950, 1) - (190, 950, 1) - (190, 970, 1) - (170, 970, 1) - (170, 990, 1) - (130, 990, 1) - (130, 1010, 1) - (110, 1010, 1) - (110, 1075, 1)
WL: 340 Via#: 0 is_IO_net: 1
Path#64: (310, 830, 1) - (270, 830, 1) - (270, 850, 1) - (250, 850, 1) - (250, 870, 1) - (210, 870, 1) - (210, 890, 1) - (25, 890, 1)
WL: 280 Via#: 0 is_IO_net: 1
Path#65: (310, 790, 1) - (290, 790, 1) - (290, 810, 1) - (250, 810, 1) - (250, 830, 1) - (230, 830, 1) - (230, 850, 1) - (25, 850, 1)
WL: 280 Via#: 0 is_IO_net: 1
Path#66: (310, 750, 1) - (25, 750, 1)
WL: 220 Via#: 0 is_IO_net: 1
Path#67: (310, 710, 1) - (150, 710, 1) - (150, 690, 1) - (130, 690, 1) - (130, 670, 1) - (110, 670, 1) - (110, 650, 1) - (90, 650, 1) - (90, 630, 1) - (25, 630, 1)
WL: 300 Via#: 0 is_IO_net: 1
Path#68: (310, 670, 1) - (190, 670, 1) - (190, 650, 1) - (170, 650, 1) - (170, 630, 1) - (150, 630, 1) - (150, 490, 1) - (130, 490, 1) - (130, 470, 1) - (110, 470, 1) - (110, 450, 1) - (25, 450, 1)
WL: 440 Via#: 0 is_IO_net: 1
Path#69: (310, 590, 1) - (270, 590, 1) - (270, 570, 1) - (250, 570, 1) - (250, 350, 1) - (270, 350, 1) - (270, 330, 1)
WL: 340 Via#: 0 is_IO_net: 0
Path#70: (310, 550, 1) - (310, 530, 1) - (290, 530, 1) - (290, 310, 1) - (310, 310, 1) - (310, 290, 1)
WL: 300 Via#: 0 is_IO_net: 0
Path#71: (310, 510, 1) - (310, 370, 1)
WL: 140 Via#: 0 is_IO_net: 0