NodeIDSrc NodeIDTar
 444 447
 454 444
 447 73981
 73981 73980
 500 503
 510 500
 503 73983
 73983 73982
 640 643
 650 640
 643 73985
 73985 73984
 752 755
 765 752
 755 73987
 73987 73986
 780 783
 783 805
 790 780
 808 811
 821 808
 811 73989
 73989 73988
 836 839
 839 861
 846 836
 920 923
 930 920
 923 73991
 73991 73990
 1060 1063
 1070 1060
 1063 73993
 73993 73992
 1116 1119
 1126 1116
 1119 73995
 73995 73994
 1228 1231
 1238 1228
 1231 73997
 73997 73996
 1844 1847
 1857 1844
 1847 1872
 1878 1881
 1881 1909
 1888 1878
 1912 1915
 1925 1912
 1915 1940
 1946 1949
 1949 1977
 1956 1946
 2082 2085
 2092 2082
 2085 2110
 2252 2255
 2265 2252
 2255 2280
 2286 2289
 2289 2317
 2296 2286
 2320 2323
 2333 2320
 2323 2348
 2354 2357
 2357 2385
 2367 2354
 2388 2391
 2391 2419
 2398 2388
 2422 2425
 2432 2422
 2425 2450
 2592 2595
 2602 2592
 2595 2620
 2660 2663
 2670 2660
 2663 2688
 2728 2731
 2731 2753
 2738 2728
 2762 2765
 2781 2762
 2765 2787
 2796 2799
 2815 2796
 2799 2824
 2864 2867
 2874 2864
 2867 73999
 73999 73998
 3464 3467
 3477 3464
 3467 3492
 3498 3501
 3501 3529
 3508 3498
 3532 3535
 3545 3532
 3535 3560
 3566 3569
 3569 3597
 3576 3566
 3668 3671
 3681 3668
 3671 3696
 3702 3705
 3705 3733
 3715 3702
 3736 3739
 3739 3767
 3749 3736
 3770 3773
 3773 3801
 3783 3770
 3804 3807
 3807 3835
 3817 3804
 3838 3841
 3841 3869
 3848 3838
 3872 3875
 3885 3872
 3875 3900
 3906 3909
 3909 3937
 3916 3906
 3974 3977
 3984 3974
 3977 4002
 4008 4011
 4018 4008
 4011 4036
 4178 4181
 4188 4178
 4181 4206
 4246 4249
 4256 4246
 4249 4274
 4314 4317
 4324 4314
 4317 4342
 4416 4419
 4419 4441
 4426 4416
 4450 4453
 4466 4450
 4453 4472
 5084 5087
 5094 5084
 5087 5112
 5152 5155
 5165 5152
 5155 5180
 5186 5189
 5189 5217
 5199 5186
 5220 5223
 5223 5251
 5233 5220
 5254 5257
 5257 5285
 5267 5254
 5288 5291
 5291 5319
 5301 5288
 5322 5325
 5325 5353
 5335 5322
 5356 5359
 5359 5387
 5369 5356
 5390 5393
 5393 5421
 5400 5390
 5424 5427
 5437 5424
 5427 5452
 5458 5461
 5461 5489
 5468 5458
 5492 5495
 5505 5492
 5495 5520
 5526 5529
 5529 5557
 5536 5526
 5560 5563
 5570 5560
 5563 5588
 5594 5597
 5604 5594
 5597 5622
 5764 5767
 5774 5764
 5767 5792
 5832 5835
 5842 5832
 5835 5860
 5900 5903
 5910 5900
 5903 5928
 6002 6005
 6012 6002
 6005 6030
 6036 6039
 6046 6036
 6039 74001
 74001 74000
 6670 6673
 6680 6670
 6673 6698
 6976 6979
 6989 6976
 6979 7004
 7010 7013
 7013 7041
 7020 7010
 7044 7047
 7057 7044
 7047 7072
 7078 7081
 7081 7109
 7088 7078
 7112 7115
 7122 7112
 7115 7140
 7146 7149
 7156 7146
 7149 7174
 7180 7183
 7190 7180
 7183 7208
 7350 7353
 7360 7350
 7353 7378
 7418 7421
 7428 7418
 7421 7446
 7486 7489
 7496 7486
 7489 7514
 7554 7557
 7557 7579
 7564 7554
 7588 7591
 7607 7588
 7591 7616
 7622 7625
 7632 7622
 7625 7644
 8256 8259
 8269 8256
 8259 8284
 8290 8293
 8293 8321
 8303 8290
 8324 8327
 8327 8355
 8337 8324
 8358 8361
 8361 8389
 8371 8358
 8392 8395
 8395 8423
 8405 8392
 8426 8429
 8429 8457
 8439 8426
 8460 8463
 8463 8491
 8473 8460
 8494 8497
 8497 8525
 8507 8494
 8528 8531
 8531 8559
 8541 8528
 8562 8565
 8565 8593
 8572 8562
 8596 8599
 8609 8596
 8599 8624
 8630 8633
 8633 8661
 8640 8630
 8664 8667
 8674 8664
 8667 8692
 8698 8701
 8708 8698
 8701 8726
 8732 8735
 8742 8732
 8735 8760
 8766 8769
 8776 8766
 8769 8794
 8936 8939
 8946 8936
 8939 8964
 9004 9007
 9014 9004
 9007 9032
 9038 9041
 9041 9063
 9048 9038
 9072 9075
 9091 9072
 9075 9100
 9106 9109
 9109 9131
 9116 9106
 9140 9143
 9159 9140
 9143 9168
 9208 9211
 9218 9208
 9211 9230
 9672 9675
 9685 9672
 9675 9694
 9706 9709
 9709 9737
 9719 9706
 9740 9743
 9743 9771
 9753 9740
 9774 9777
 9777 9805
 9787 9774
 9808 9811
 9811 9839
 9821 9808
 9842 9845
 9845 9873
 9855 9842
 9876 9879
 9879 9907
 9889 9876
 9910 9913
 9913 9941
 9923 9910
 9944 9947
 9947 9975
 9957 9944
 9978 9981
 9981 10009
 9991 9978
 10012 10015
 10015 10043
 10025 10012
 10046 10049
 10049 10077
 10059 10046
 10080 10083
 10083 10111
 10093 10080
 10114 10117
 10117 10145
 10124 10114
 10148 10151
 10161 10148
 10151 10176
 10182 10185
 10185 10213
 10192 10182
 10216 10219
 10226 10216
 10219 10244
 10250 10253
 10260 10250
 10253 10278
 10284 10287
 10294 10284
 10287 10312
 10318 10321
 10328 10318
 10321 10346
 10352 10355
 10362 10352
 10355 10380
 10522 10525
 10532 10522
 10525 10550
 10556 10559
 10559 10581
 10566 10556
 10590 10593
 10609 10590
 10593 10618
 10624 10627
 10634 10624
 10627 10652
 10692 10695
 10702 10692
 10695 10720
 10726 10729
 10729 10751
 10736 10726
 10760 10763
 10779 10760
 10763 10785
 10794 10797
 10810 10794
 10797 10816
 11224 11227
 11237 11224
 11227 11246
 11258 11261
 11261 11289
 11274 11258
 11292 11295
 11305 11292
 11326 11329
 11329 11357
 11339 11326
 11360 11363
 11363 11391
 11373 11360
 11394 11397
 11397 11425
 11407 11394
 11428 11431
 11431 11459
 11441 11428
 11462 11465
 11465 11493
 11475 11462
 11496 11499
 11499 11527
 11509 11496
 11530 11533
 11533 11561
 11543 11530
 11564 11567
 11567 11595
 11577 11564
 11598 11601
 11601 11629
 11611 11598
 11632 11635
 11635 11663
 11645 11632
 11666 11669
 11669 11697
 11676 11666
 11700 11703
 11713 11700
 11703 11728
 11734 11737
 11737 11765
 11744 11734
 11768 11771
 11778 11768
 11771 11796
 11802 11805
 11812 11802
 11805 11830
 11836 11839
 11846 11836
 11839 11864
 11870 11873
 11880 11870
 11873 11898
 11904 11907
 11914 11904
 11907 11932
 11938 11941
 11948 11938
 11941 11966
 12074 12077
 12077 12099
 12084 12074
 12108 12111
 12127 12108
 12111 12136
 12142 12145
 12152 12142
 12145 12170
 12210 12213
 12220 12210
 12213 12238
 12244 12247
 12247 12269
 12254 12244
 12278 12281
 12297 12278
 12281 12306
 12312 12315
 12322 12312
 12315 12340
 12380 12383
 12390 12380
 12383 74003
 74003 74002
 12674 12677
 12675 12678
 12680 12682
 12678 12680
 12682 12674
 12688 12675
 12677 12696
 12709 12712
 12712 12740
 12722 12709
 12742 12745
 12743 12746
 12746 12774
 12755 12742
 12756 12743
 12745 12764
 12776 12779
 12777 12780
 12779 12807
 12780 12808
 12789 12776
 12790 12777
 12810 12813
 12811 12814
 12813 12841
 12814 12842
 12824 12811
 12826 12810
 12844 12847
 12845 12848
 12848 12876
 12857 12844
 12858 12845
 12847 12866
 12878 12881
 12879 12882
 12881 12909
 12882 12910
 12891 12878
 12892 12879
 12912 12915
 12913 12916
 12915 12943
 12916 12944
 12925 12912
 12926 12913
 12946 12949
 12947 12950
 12949 12977
 12950 12978
 12959 12946
 12960 12947
 12980 12983
 12981 12984
 12983 13011
 12984 13012
 12993 12980
 12994 12981
 13014 13017
 13015 13018
 13017 13045
 13018 13046
 13027 13014
 13028 13015
 13048 13051
 13049 13052
 13051 13079
 13052 13080
 13061 13048
 13062 13049
 13082 13085
 13083 13086
 13085 13113
 13086 13114
 13095 13082
 13096 13083
 13116 13119
 13117 13120
 13119 13147
 13120 13148
 13129 13116
 13130 13117
 13150 13153
 13151 13154
 13153 13181
 13154 13182
 13163 13150
 13164 13151
 13184 13187
 13185 13188
 13187 13215
 13188 13216
 13197 13184
 13198 13185
 13218 13221
 13219 13222
 13221 13249
 13222 13250
 13232 13219
 13228 13218
 13252 13255
 13253 13256
 13256 13284
 13265 13252
 13266 13253
 13255 13280
 13286 13289
 13287 13290
 13289 13317
 13290 13318
 13296 13286
 13297 13287
 13320 13323
 13330 13320
 13323 13348
 13354 13357
 13364 13354
 13357 13382
 13388 13391
 13398 13388
 13391 13416
 13422 13425
 13432 13422
 13425 13450
 13456 13459
 13466 13456
 13459 13484
 13490 13493
 13500 13490
 13493 13518
 13524 13527
 13534 13524
 13527 13552
 13626 13629
 13629 13651
 13636 13626
 13660 13663
 13679 13660
 13663 13688
 13694 13697
 13697 13719
 13704 13694
 13728 13731
 13747 13728
 13731 13756
 13796 13799
 13806 13796
 13799 13824
 13830 13833
 13840 13830
 13833 13858
 13898 13901
 13908 13898
 13901 13926
 13966 13969
 13976 13966
 13969 13988
 14227 14230
 14228 14231
 14233 14235
 14231 14233
 14235 14227
 14241 14228
 14230 14249
 14260 14263
 14262 14265
 14265 14293
 14275 14262
 14263 14282
 14276 14260
 14295 14298
 14296 14299
 14299 14327
 14308 14295
 14309 14296
 14298 14317
 14328 14331
 14329 14332
 14330 14333
 14332 14360
 14333 14361
 14342 14329
 14343 14330
 14331 14350
 14344 14328
 14363 14366
 14364 14367
 14366 14394
 14367 14395
 14376 14363
 14377 14364
 14396 14399
 14397 14400
 14398 14401
 14400 14428
 14401 14429
 14409 14396
 14410 14397
 14411 14398
 14430 14433
 14431 14434
 14432 14435
 14433 14461
 14434 14462
 14435 14463
 14444 14431
 14445 14432
 14446 14430
 14464 14467
 14465 14468
 14466 14469
 14468 14496
 14469 14497
 14477 14464
 14478 14465
 14479 14466
 14498 14501
 14499 14502
 14500 14503
 14501 14529
 14502 14530
 14503 14531
 14511 14498
 14512 14499
 14513 14500
 14532 14535
 14533 14536
 14534 14537
 14535 14563
 14536 14564
 14537 14565
 14545 14532
 14546 14533
 14547 14534
 14566 14569
 14567 14570
 14568 14571
 14569 14597
 14570 14598
 14571 14599
 14579 14566
 14580 14567
 14578 14568
 14600 14603
 14601 14604
 14603 14631
 14604 14632
 14613 14600
 14614 14601
 14634 14637
 14635 14638
 14637 14665
 14638 14666
 14647 14634
 14648 14635
 14668 14671
 14669 14672
 14671 14699
 14672 14700
 14681 14668
 14682 14669
 14702 14705
 14703 14706
 14705 14733
 14706 14734
 14715 14702
 14716 14703
 14736 14739
 14737 14740
 14739 14767
 14740 14768
 14749 14736
 14750 14737
 14770 14773
 14771 14774
 14773 14801
 14774 14802
 14784 14771
 14780 14770
 14804 14807
 14805 14808
 14808 14836
 14817 14804
 14818 14805
 14807 14832
 14838 14841
 14839 14842
 14841 14869
 14842 14870
 14848 14838
 14849 14839
 14872 14875
 14873 14876
 14886 14873
 14882 14872
 14875 14900
 14876 14901
 14906 14909
 14907 14910
 14910 14938
 14920 14907
 14916 14906
 14909 14934
 14940 14943
 14941 14944
 14944 14972
 14950 14940
 14951 14941
 14943 14968
 14974 14977
 14984 14974
 14977 15002
 15008 15011
 15018 15008
 15011 15036
 15042 15045
 15052 15042
 15045 15070
 15076 15079
 15086 15076
 15079 15104
 15110 15113
 15120 15110
 15113 15138
 15212 15215
 15222 15212
 15215 15240
 15246 15249
 15249 15271
 15256 15246
 15280 15283
 15299 15280
 15283 15308
 15314 15317
 15317 15339
 15324 15314
 15348 15351
 15367 15348
 15351 15373
 15382 15385
 15401 15382
 15385 15410
 15416 15419
 15426 15416
 15419 15444
 15484 15487
 15494 15484
 15487 15512
 15552 15555
 15562 15552
 15555 15574
 15710 15713
 15723 15710
 15713 15732
 15744 15747
 15745 15748
 15750 15752
 15748 15750
 15752 15744
 15747 15775
 15758 15745
 15779 15782
 15782 15810
 15792 15779
 15813 15816
 15816 15844
 15829 15813
 15846 15849
 15848 15851
 15861 15848
 15849 15868
 15851 15870
 15862 15846
 15880 15883
 15881 15884
 15882 15885
 15885 15913
 15893 15880
 15895 15882
 15883 15902
 15884 15903
 15897 15881
 15914 15917
 15915 15918
 15916 15919
 15917 15945
 15919 15947
 15928 15915
 15929 15916
 15918 15937
 15930 15914
 15948 15951
 15949 15952
 15950 15953
 15952 15980
 15953 15981
 15961 15948
 15962 15949
 15963 15950
 15951 15970
 15982 15985
 15983 15986
 15984 15987
 15985 16013
 15986 16014
 15987 16015
 15995 15982
 15996 15983
 15997 15984
 16016 16019
 16017 16020
 16018 16021
 16019 16047
 16020 16048
 16021 16049
 16029 16016
 16030 16017
 16031 16018
 16050 16053
 16051 16054
 16052 16055
 16053 16081
 16054 16082
 16055 16083
 16063 16050
 16064 16051
 16065 16052
 16084 16087
 16085 16088
 16086 16089
 16087 16115
 16088 16116
 16089 16117
 16097 16084
 16098 16085
 16099 16086
 16118 16121
 16119 16122
 16120 16123
 16121 16149
 16122 16150
 16123 16151
 16131 16118
 16132 16119
 16130 16120
 16152 16155
 16153 16156
 16154 16157
 16155 16183
 16156 16184
 16165 16152
 16166 16153
 16167 16154
 16157 16182
 16186 16189
 16187 16190
 16188 16191
 16189 16217
 16190 16218
 16191 16219
 16199 16186
 16200 16187
 16201 16188
 16220 16223
 16221 16224
 16222 16225
 16223 16251
 16224 16252
 16225 16253
 16233 16220
 16234 16221
 16235 16222
 16254 16257
 16255 16258
 16256 16259
 16257 16285
 16258 16286
 16259 16287
 16267 16254
 16268 16255
 16269 16256
 16288 16291
 16289 16292
 16290 16293
 16291 16319
 16292 16320
 16293 16321
 16301 16288
 16302 16289
 16303 16290
 16322 16325
 16323 16326
 16324 16327
 16325 16353
 16326 16354
 16327 16355
 16336 16323
 16332 16322
 16334 16324
 16356 16359
 16357 16360
 16360 16388
 16369 16356
 16370 16357
 16359 16384
 16390 16393
 16391 16394
 16393 16421
 16394 16422
 16400 16390
 16401 16391
 16424 16427
 16425 16428
 16438 16425
 16434 16424
 16427 16452
 16428 16453
 16458 16461
 16459 16462
 16462 16490
 16468 16458
 16469 16459
 16461 16486
 16492 16495
 16502 16492
 16495 16520
 16526 16529
 16527 16530
 16536 16526
 16537 16527
 16529 16554
 16530 16555
 16560 16563
 16570 16560
 16563 16588
 16594 16597
 16604 16594
 16597 16622
 16628 16631
 16638 16628
 16631 16656
 16662 16665
 16672 16662
 16665 16690
 16696 16699
 16706 16696
 16699 16724
 16764 16767
 16767 16789
 16774 16764
 16798 16801
 16817 16798
 16801 16826
 16832 16835
 16842 16832
 16835 16860
 16866 16869
 16869 16891
 16876 16866
 16900 16903
 16919 16900
 16903 16928
 16934 16937
 16937 16959
 16944 16934
 16968 16971
 16987 16968
 16971 16993
 17002 17005
 17021 17002
 17005 17030
 17070 17073
 17080 17070
 17073 17098
 17138 17141
 17148 17138
 17141 17160
 17296 17299
 17299 17318
 17312 17296
 17432 17435
 17433 17436
 17434 17437
 17446 17433
 17436 17455
 17437 17456
 17448 17432
 17450 17434
 17466 17469
 17467 17470
 17468 17471
 17470 17498
 17481 17468
 17469 17488
 17471 17490
 17482 17466
 17483 17467
 17500 17503
 17501 17504
 17502 17505
 17505 17533
 17513 17500
 17515 17502
 17504 17523
 17517 17501
 17534 17537
 17536 17539
 17537 17565
 17539 17567
 17549 17536
 17550 17534
 17568 17571
 17570 17573
 17573 17601
 17581 17568
 17583 17570
 17602 17605
 17603 17606
 17604 17607
 17608 17610
 17606 17608
 17610 17602
 17605 17633
 17607 17635
 17616 17603
 17617 17604
 17636 17639
 17637 17640
 17638 17641
 17640 17668
 17641 17669
 17649 17636
 17650 17637
 17651 17638
 17670 17673
 17671 17674
 17672 17675
 17673 17701
 17674 17702
 17675 17703
 17683 17670
 17684 17671
 17682 17672
 17704 17707
 17705 17708
 17706 17709
 17707 17735
 17708 17736
 17717 17704
 17718 17705
 17719 17706
 17709 17734
 17738 17741
 17739 17742
 17740 17743
 17741 17769
 17742 17770
 17743 17771
 17751 17738
 17752 17739
 17753 17740
 17772 17775
 17773 17776
 17774 17777
 17775 17803
 17776 17804
 17777 17805
 17785 17772
 17786 17773
 17784 17774
 17806 17809
 17807 17810
 17809 17837
 17810 17838
 17819 17806
 17820 17807
 17840 17843
 17841 17844
 17843 17871
 17844 17872
 17853 17840
 17854 17841
 17874 17877
 17875 17878
 17877 17905
 17878 17906
 17888 17875
 17908 17911
 17909 17912
 17910 17913
 17912 17940
 17921 17908
 17922 17909
 17923 17910
 17911 17936
 17913 17938
 17942 17945
 17943 17946
 17944 17947
 17945 17973
 17946 17974
 17947 17975
 17957 17944
 17953 17943
 17976 17979
 17977 17980
 17978 17981
 17981 18009
 17991 17978
 17986 17976
 17987 17977
 17979 18004
 17980 18005
 18010 18013
 18012 18015
 18015 18043
 18022 18012
 18013 18038
 18044 18047
 18045 18048
 18054 18044
 18055 18045
 18047 18072
 18048 18073
 18078 18081
 18081 18106
 18112 18115
 18113 18116
 18126 18113
 18122 18112
 18115 18140
 18116 18141
 18146 18149
 18147 18150
 18150 18178
 18157 18147
 18149 18174
 18180 18183
 18190 18180
 18183 18208
 18214 18217
 18217 18242
 18248 18251
 18258 18248
 18251 18276
 18282 18285
 18285 18310
 18350 18353
 18353 18378
 18418 18421
 18421 18446
 18452 18455
 18462 18452
 18455 18480
 18486 18489
 18489 18511
 18520 18523
 18539 18520
 18523 18548
 18554 18557
 18557 18579
 18588 18591
 18607 18588
 18591 18613
 18622 18625
 18641 18622
 18625 18647
 18656 18659
 18675 18656
 18659 18684
 18690 18693
 18693 18715
 18700 18690
 18724 18727
 18740 18724
 18727 18746
 18882 18885
 18885 18904
 18898 18882
 18985 18988
 18986 18989
 18998 18985
 18999 18986
 18988 19007
 18989 19008
 19019 19022
 19020 19023
 19022 19050
 19023 19051
 19035 19019
 19036 19020
 19052 19055
 19053 19056
 19054 19057
 19066 19053
 19055 19074
 19056 19075
 19057 19076
 19068 19052
 19070 19054
 19086 19089
 19087 19090
 19088 19091
 19090 19118
 19099 19086
 19101 19088
 19089 19108
 19091 19110
 19103 19087
 19120 19123
 19121 19124
 19122 19125
 19123 19151
 19125 19153
 19133 19120
 19134 19121
 19135 19122
 19124 19143
 19154 19157
 19155 19158
 19156 19159
 19157 19185
 19158 19186
 19159 19187
 19167 19154
 19168 19155
 19169 19156
 19188 19191
 19189 19192
 19190 19193
 19191 19219
 19192 19220
 19193 19221
 19201 19188
 19202 19189
 19203 19190
 19222 19225
 19223 19226
 19224 19227
 19225 19253
 19226 19254
 19227 19255
 19235 19222
 19236 19223
 19234 19224
 19256 19259
 19257 19260
 19258 19261
 19259 19287
 19260 19288
 19269 19256
 19270 19257
 19271 19258
 19261 19286
 19290 19293
 19291 19294
 19292 19295
 19293 19321
 19294 19322
 19295 19323
 19303 19290
 19304 19291
 19302 19292
 19324 19327
 19325 19328
 19327 19355
 19328 19356
 19337 19324
 19338 19325
 19358 19361
 19359 19362
 19360 19363
 19361 19389
 19362 19390
 19371 19358
 19372 19359
 19373 19360
 19363 19388
 19392 19395
 19393 19396
 19394 19397
 19395 19423
 19396 19424
 19397 19425
 19405 19392
 19406 19393
 19407 19394
 19426 19429
 19427 19430
 19428 19431
 19429 19457
 19430 19458
 19431 19459
 19439 19426
 19440 19427
 19438 19428
 19460 19463
 19461 19464
 19463 19491
 19464 19492
 19473 19460
 19474 19461
 19494 19497
 19495 19498
 19497 19525
 19498 19526
 19504 19494
 19505 19495
 19529 19532
 19539 19529
 19532 19557
 19562 19565
 19563 19566
 19572 19562
 19573 19563
 19565 19590
 19566 19591
 19598 19601
 19611 19598
 19601 19626
 19630 19633
 19631 19634
 19632 19635
 19635 19663
 19644 19631
 19645 19632
 19640 19630
 19633 19658
 19634 19659
 19665 19668
 19666 19669
 19668 19696
 19669 19697
 19678 19665
 19676 19666
 19698 19701
 19699 19702
 19702 19730
 19708 19698
 19709 19699
 19701 19726
 19733 19736
 19743 19733
 19736 19761
 19766 19769
 19776 19766
 19769 19794
 19834 19837
 19844 19834
 19837 19862
 20038 20041
 20048 20038
 20041 20066
 20106 20109
 20109 20131
 20116 20106
 20140 20143
 20159 20140
 20143 20165
 20174 20177
 20193 20174
 20177 20199
 20208 20211
 20227 20208
 20211 20233
 20242 20245
 20261 20242
 20245 20267
 20276 20279
 20295 20276
 20279 20304
 20310 20313
 20320 20310
 20313 74005
 74005 74004
 20468 20471
 20470 20473
 20483 20470
 20473 20492
 20484 20468
 20504 20507
 20507 20535
 20517 20504
 20536 20539
 20537 20540
 20538 20541
 20542 20544
 20540 20542
 20544 20536
 20541 20569
 20550 20537
 20551 20538
 20571 20574
 20572 20575
 20574 20602
 20575 20603
 20587 20571
 20588 20572
 20604 20607
 20605 20608
 20606 20609
 20617 20604
 20618 20605
 20619 20606
 20608 20627
 20609 20628
 20638 20641
 20639 20642
 20640 20643
 20641 20669
 20642 20670
 20643 20671
 20654 20638
 20655 20639
 20656 20640
 20672 20675
 20673 20676
 20674 20677
 20686 20673
 20676 20695
 20677 20696
 20688 20672
 20690 20674
 20707 20710
 20710 20738
 20723 20707
 20808 20811
 20810 20813
 20821 20808
 20823 20810
 20813 20838
 20842 20845
 20844 20847
 20845 20873
 20847 20875
 20855 20842
 20854 20844
 20876 20879
 20878 20881
 20879 20907
 20889 20876
 20891 20878
 20881 20906
 20910 20913
 20912 20915
 20913 20941
 20915 20943
 20923 20910
 20925 20912
 20944 20947
 20946 20949
 20947 20975
 20949 20977
 20957 20944
 20959 20946
 20978 20981
 20980 20983
 20981 21009
 20983 21011
 20991 20978
 20990 20980
 21012 21015
 21014 21017
 21015 21043
 21027 21014
 21022 21012
 21017 21042
 21048 21051
 21051 21079
 21061 21048
 21080 21083
 21081 21084
 21082 21085
 21085 21113
 21093 21080
 21095 21082
 21091 21081
 21083 21108
 21084 21109
 21114 21117
 21115 21118
 21116 21119
 21117 21145
 21119 21147
 21125 21115
 21126 21116
 21118 21143
 21148 21151
 21149 21152
 21161 21148
 21162 21149
 21151 21176
 21152 21177
 21182 21185
 21183 21186
 21185 21213
 21186 21214
 21196 21183
 21216 21219
 21217 21220
 21220 21248
 21229 21216
 21230 21217
 21219 21244
 21250 21253
 21251 21254
 21252 21255
 21253 21281
 21254 21282
 21261 21251
 21262 21252
 21255 21280
 21284 21287
 21285 21288
 21297 21284
 21295 21285
 21287 21312
 21288 21313
 21318 21321
 21319 21322
 21321 21349
 21329 21319
 21322 21347
 21352 21355
 21365 21352
 21355 21380
 21386 21389
 21389 21417
 21420 21423
 21430 21420
 21423 21448
 21590 21593
 21593 21615
 21624 21627
 21643 21624
 21627 21652
 21658 21661
 21661 21683
 21692 21695
 21711 21692
 21695 21720
 21726 21729
 21729 21751
 21760 21763
 21779 21760
 21763 21785
 21794 21797
 21813 21794
 21797 21819
 21828 21831
 21847 21828
 21831 21853
 21862 21865
 21881 21862
 21865 21887
 21896 21899
 21912 21896
 21899 21918
 22056 22059
 22059 22078
 22072 22056
 22156 22159
 22158 22161
 22169 22156
 22171 22158
 22159 22178
 22161 22180
 22190 22193
 22191 22194
 22192 22195
 22196 22198
 22194 22196
 22198 22190
 22193 22221
 22195 22223
 22207 22191
 22208 22192
 22224 22227
 22237 22224
 22227 22246
 22258 22261
 22259 22262
 22260 22263
 22264 22266
 22262 22264
 22266 22258
 22261 22289
 22263 22282
 22275 22259
 22276 22260
 22292 22295
 22293 22296
 22305 22292
 22306 22293
 22295 22314
 22296 22315
 22326 22329
 22327 22330
 22329 22357
 22330 22358
 22339 22326
 22340 22327
 22360 22363
 22361 22364
 22363 22391
 22364 22392
 22373 22360
 22374 22361
 22394 22397
 22395 22398
 22397 22425
 22398 22426
 22407 22394
 22408 22395
 22428 22431
 22429 22432
 22430 22433
 22431 22459
 22432 22460
 22441 22428
 22442 22429
 22443 22430
 22433 22458
 22462 22465
 22463 22466
 22464 22467
 22465 22493
 22466 22494
 22467 22495
 22475 22462
 22476 22463
 22474 22464
 22496 22499
 22497 22500
 22499 22527
 22500 22528
 22509 22496
 22510 22497
 22530 22533
 22531 22534
 22533 22561
 22534 22562
 22543 22530
 22541 22531
 22564 22567
 22565 22568
 22566 22569
 22570 22572
 22568 22570
 22572 22564
 22567 22595
 22578 22565
 22579 22566
 22569 22594
 22598 22601
 22599 22602
 22600 22603
 22602 22630
 22603 22631
 22611 22598
 22612 22599
 22613 22600
 22601 22626
 22632 22635
 22633 22636
 22634 22637
 22635 22663
 22636 22664
 22637 22665
 22645 22632
 22643 22633
 22644 22634
 22666 22669
 22667 22670
 22669 22697
 22679 22666
 22677 22667
 22670 22695
 22700 22703
 22701 22704
 22702 22705
 22703 22731
 22713 22700
 22714 22701
 22712 22702
 22704 22729
 22705 22730
 22734 22737
 22735 22738
 22737 22765
 22738 22766
 22747 22734
 22748 22735
 22768 22771
 22769 22772
 22771 22799
 22772 22800
 22782 22769
 22778 22768
 22803 22806
 22806 22834
 22813 22803
 22836 22839
 22837 22840
 22838 22841
 22842 22844
 22839 22842
 22844 22837
 22846 22836
 22848 22838
 22840 22865
 22841 22866
 22870 22873
 22871 22874
 22876 22878
 22873 22876
 22878 22871
 22880 22870
 22874 22899
 22905 22908
 22915 22905
 22908 22933
 22972 22975
 22975 22997
 22982 22972
 23006 23009
 23025 23006
 23009 23034
 23640 23643
 23641 23644
 23642 23645
 23646 23648
 23647 23649
 23644 23646
 23645 23647
 23648 23640
 23649 23641
 23658 23642
 23675 23678
 23676 23679
 23688 23675
 23689 23676
 23678 23697
 23679 23698
 23708 23711
 23709 23712
 23710 23713
 23712 23740
 23713 23741
 23721 23708
 23722 23709
 23723 23710
 23742 23745
 23743 23746
 23744 23747
 23745 23773
 23746 23774
 23747 23775
 23756 23743
 23758 23742
 23760 23744
 23776 23779
 23777 23780
 23780 23808
 23789 23776
 23790 23777
 23810 23813
 23811 23814
 23813 23841
 23814 23842
 23824 23811
 23826 23810
 23844 23847
 23845 23848
 23846 23849
 23848 23876
 23857 23844
 23858 23845
 23849 23868
 23862 23846
 23878 23881
 23879 23882
 23881 23909
 23882 23910
 23894 23878
 23895 23879
 24050 24053
 24063 24050
 24053 24078
 24084 24087
 24087 24115
 24094 24084
 24117 24120
 24130 24117
 24120 24145
 24151 24154
 24154 24182
 24164 24151
 24185 24188
 24188 24216
 24195 24185
 24219 24222
 24220 24223
 24229 24219
 24230 24220
 24222 24247
 24223 24248
 24252 24255
 24253 24256
 24258 24260
 24255 24258
 24260 24253
 24265 24252
 24256 24281
 24286 24289
 24288 24291
 24289 24317
 24301 24288
 24291 24316
 24322 24325
 24325 24353
 24332 24322
 24354 24357
 24357 24382
 24389 24392
 24399 24389
 24392 24417
 24422 24425
 24424 24427
 24434 24424
 24425 24450
 24427 24452
 24456 24459
 24469 24456
 24459 24484
 24490 24493
 24491 24494
 24493 24521
 24501 24491
 24494 24519
 24558 24561
 24561 24586
 24898 24901
 24901 24920
 25098 25101
 25111 25098
 25101 74007
 74007 74006
 25126 25129
 25129 25157
 25139 25126
 25160 25163
 25163 25191
 25173 25160
 25194 25197
 25197 25225
 25207 25194
 25227 25230
 25228 25231
 25231 25259
 25240 25227
 25241 25228
 25230 25249
 25261 25264
 25262 25265
 25264 25292
 25265 25293
 25277 25261
 25278 25262
 25329 25332
 25342 25329
 25332 25351
 25363 25366
 25366 25394
 25376 25363
 25397 25400
 25398 25401
 25400 25428
 25410 25397
 25411 25398
 25401 25420
 25431 25434
 25432 25435
 25434 25462
 25435 25463
 25444 25431
 25448 25432
 25465 25468
 25468 25496
 25478 25465
 25499 25502
 25502 25530
 25512 25499
 25533 25536
 25536 25564
 25546 25533
 25567 25570
 25570 25598
 25580 25567
 25601 25604
 25604 25632
 25614 25601
 25635 25638
 25638 25666
 25648 25635
 25669 25672
 25670 25673
 25672 25700
 25682 25669
 25683 25670
 25673 25698
 25703 25706
 25704 25707
 25706 25734
 25707 25735
 25716 25703
 25714 25704
 25737 25740
 25740 25768
 25747 25737
 25771 25774
 25781 25771
 25774 25799
 25805 25808
 25806 25809
 25818 25805
 25819 25806
 25808 25833
 25809 25834
 25839 25842
 25840 25843
 25842 25870
 25843 25871
 25852 25839
 25850 25840
 25872 25875
 25873 25876
 25878 25880
 25875 25878
 25880 25873
 25876 25904
 25885 25872
 25906 25909
 25908 25911
 25909 25937
 25919 25906
 25918 25908
 25911 25936
 25940 25943
 25943 25971
 25950 25940
 25975 25978
 25985 25975
 25978 26003
 26008 26011
 26009 26012
 26010 26013
 26014 26016
 26015 26017
 26011 26014
 26012 26015
 26016 26009
 26017 26010
 26021 26008
 26013 26038
 26042 26045
 26045 26073
 26052 26042
 26076 26079
 26077 26080
 26082 26084
 26079 26082
 26084 26077
 26086 26076
 26080 26105
 26484 26487
 26487 26509
 26500 26484
 26518 26521
 26537 26518
 26521 26543
 26552 26555
 26571 26552
 26555 26577
 26586 26589
 26605 26586
 26589 26611
 26620 26623
 26639 26620
 26623 26645
 26654 26657
 26670 26654
 26657 74009
 74009 74008
 26812 26815
 26813 26816
 26818 26820
 26816 26818
 26820 26812
 26829 26813
 26880 26883
 26893 26880
 26914 26917
 26915 26918
 26920 26922
 26918 26920
 26922 26914
 26917 26945
 26931 26915
 26984 26987
 26987 27006
 27000 26984
 27290 27293
 27300 27290
 27293 27318
 27323 27326
 27333 27323
 27326 27351
 27357 27360
 27367 27357
 27360 27385
 27426 27429
 27439 27426
 27429 27454
 27460 27463
 27463 27491
 27470 27460
 27494 27497
 27507 27494
 27497 27522
 27526 27529
 27528 27531
 27531 27559
 27538 27528
 27529 27554
 27560 27563
 27561 27564
 27566 27568
 27563 27566
 27568 27561
 27573 27560
 27564 27589
 27594 27597
 27597 27625
 27628 27631
 27638 27628
 27631 27656
 27662 27665
 27665 27690
 28270 28273
 28283 28270
 28273 74011
 74011 74010
 28298 28301
 28301 28329
 28311 28298
 28332 28335
 28335 28363
 28345 28332
 28366 28369
 28369 28397
 28379 28366
 28400 28403
 28403 28431
 28413 28400
 28434 28437
 28437 28465
 28447 28434
 28468 28471
 28471 28499
 28481 28468
 28502 28505
 28505 28533
 28515 28502
 28536 28539
 28539 28567
 28549 28536
 28570 28573
 28573 28601
 28586 28570
 28876 28879
 28886 28876
 28879 28904
 28909 28912
 28919 28909
 28912 28937
 28943 28946
 28956 28943
 28946 28971
 28977 28980
 28980 29008
 28990 28977
 29011 29014
 29014 29042
 29024 29011
 29045 29048
 29046 29049
 29048 29076
 29058 29045
 29056 29046
 29049 29074
 29079 29082
 29082 29110
 29092 29079
 29113 29116
 29114 29117
 29116 29144
 29123 29113
 29124 29114
 29117 29142
 29214 29217
 29224 29214
 29217 29242
 29724 29727
 29727 29749
 29734 29724
 29758 29761
 29777 29758
 29761 29783
 29792 29795
 29811 29792
 29795 29817
 29826 29829
 29842 29826
 29829 74013
 74013 74012
 30462 30465
 30472 30462
 30465 30490
 30495 30498
 30508 30495
 30498 30523
 30529 30532
 30532 30560
 30542 30529
 30563 30566
 30566 30594
 30576 30563
 30597 30600
 30600 30628
 30610 30597
 30631 30634
 30632 30635
 30634 30662
 30644 30631
 30645 30632
 30635 30660
 30664 30667
 30665 30668
 30666 30669
 30670 30672
 30667 30670
 30672 30665
 30668 30696
 30669 30697
 30677 30664
 30676 30666
 30698 30701
 30699 30702
 30700 30703
 30701 30729
 30712 30699
 30710 30700
 30702 30727
 30703 30728
 30732 30735
 30733 30736
 30738 30740
 30735 30738
 30740 30733
 30736 30764
 30745 30732
 30766 30769
 30769 30797
 30800 30803
 30813 30800
 30803 30828
 30834 30837
 30837 30865
 31242 31245
 31245 31267
 31276 31279
 31295 31276
 31279 31301
 31310 31313
 31329 31310
 31313 31338
 32048 32051
 32061 32048
 32051 32076
 32080 32083
 32081 32084
 32082 32085
 32086 32088
 32087 32089
 32083 32086
 32084 32087
 32088 32081
 32089 32082
 32085 32113
 32093 32080
 32114 32117
 32117 32145
 32127 32114
 32148 32151
 32151 32179
 32161 32148
 32182 32185
 32185 32213
 32195 32182
 32216 32219
 32219 32247
 32226 32216
 32251 32254
 32252 32255
 32257 32259
 32254 32257
 32259 32252
 32261 32251
 32255 32280
 32286 32289
 32296 32286
 32289 32314
 33802 33805
 33805 33830
 33837 33840
 33850 33837
 33840 33865
 33870 33873
 33871 33874
 33872 33875
 33876 33878
 33873 33876
 33878 33871
 33874 33902
 33885 33872
 33875 33900
 33904 33907
 33905 33908
 33906 33909
 33910 33912
 33911 33913
 33907 33910
 33908 33911
 33912 33905
 33913 33906
 33909 33937
 33917 33904
 33938 33941
 33941 33969
 34913 34916
 34914 34917
 34919 34921
 34916 34919
 34921 34914
 34926 34913
 34917 34936
 34947 34950
 34950 34978
 34960 34947
 34980 34983
 34981 34984
 34986 34988
 34983 34986
 34988 34981
 34984 35012
 34990 34980
 36000 36003
 36003 36025
 36010 36000
 36034 36037
 36053 36034
 36037 36059
 36068 36071
 36087 36068
 36071 36093
 36102 36105
 36121 36102
 36105 36127
 36136 36139
 36155 36136
 36139 36161
 36170 36173
 36186 36170
 36173 74015
 74015 74014
 36200 36203
 36213 36200
 36203 74017
 74017 74016
 36228 36231
 36231 36259
 36241 36228
 36262 36265
 36265 36293
 36275 36262
 36296 36299
 36299 36327
 36309 36296
 36330 36333
 36333 36361
 36343 36330
 36364 36367
 36367 36395
 36377 36364
 36398 36401
 36401 36429
 36411 36398
 36432 36435
 36435 36463
 36445 36432
 36466 36469
 36469 36497
 36479 36466
 36500 36503
 36503 36531
 36516 36500
 36566 36569
 36576 36566
 36569 36594
 36940 36943
 36941 36944
 36946 36948
 36943 36946
 36948 36941
 36953 36940
 36944 36963
 36974 36977
 36977 37005
 37008 37011
 37009 37012
 37014 37016
 37011 37014
 37016 37009
 37021 37008
 37012 37031
 37042 37045
 37045 37073
 37077 37080
 37090 37077
 37080 37099
 37110 37113
 37111 37114
 37116 37118
 37113 37116
 37118 37111
 37114 37142
 37586 37589
 37589 37614
 38152 38155
 38153 38156
 38158 38160
 38156 38158
 38160 38152
 38166 38153
 38155 38180
 38187 38190
 38190 38218
 38200 38187
 38221 38224
 38224 38252
 38234 38221
 38255 38258
 38258 38286
 38268 38255
 38289 38292
 38292 38320
 38302 38289
 38323 38326
 38326 38354
 38336 38323
 38357 38360
 38360 38388
 38370 38357
 38391 38394
 38394 38422
 38404 38391
 38425 38428
 38428 38456
 38438 38425
 38459 38462
 38462 38490
 38472 38459
 38493 38496
 38496 38524
 38506 38493
 38527 38530
 38530 38558
 38543 38527
 38595 38598
 38598 38617
 38611 38595
 38663 38666
 38666 38685
 38679 38663
 40112 40115
 40125 40112
 40115 40134
 40146 40149
 40147 40150
 40149 40177
 40160 40147
 40150 40169
 40181 40184
 40184 40212
 40197 40181
 40214 40217
 40215 40218
 40220 40222
 40217 40220
 40222 40215
 40218 40237
 40249 40252
 40252 40271
 40265 40249
 41461 41464
 41474 41461
 41464 41483
 41495 41498
 41498 41526
 41508 41495
 41529 41532
 41532 41560
 41542 41529
 41563 41566
 41566 41594
 41576 41563
 41597 41600
 41600 41628
 41610 41597
 41631 41634
 41634 41662
 41644 41631
 41665 41668
 41668 41696
 41678 41665
 41698 41701
 41699 41702
 41702 41730
 41712 41699
 41701 41720
 41714 41698
 41733 41736
 41736 41764
 41749 41733
 41767 41770
 41780 41767
 41770 41789
 41801 41804
 41804 41832
 41817 41801
 41835 41838
 41836 41839
 41841 41843
 41838 41841
 41843 41836
 41839 41858
 41851 41835
 42544 42547
 42557 42544
 42547 74019
 74019 74018
 42572 42575
 42575 42603
 42585 42572
 42606 42609
 42609 42637
 42619 42606
 42640 42643
 42643 42671
 42653 42640
 42674 42677
 42677 42705
 42687 42674
 42708 42711
 42711 42739
 42721 42708
 42742 42745
 42745 42773
 42752 42742
 43047 43050
 43050 43069
 43063 43047
 43250 43253
 43251 43254
 43264 43251
 43253 43272
 43254 43273
 43284 43287
 43285 43288
 43290 43292
 43287 43290
 43292 43285
 43288 43316
 43300 43284
 43353 43356
 43354 43357
 43367 43354
 43356 43375
 43357 43376
 43369 43353
 43386 43389
 43387 43390
 43388 43391
 43393 43395
 43390 43393
 43395 43388
 43391 43419
 43400 43387
 43389 43408
 43421 43424
 43422 43425
 43424 43452
 43434 43421
 43425 43444
 43438 43422
 43454 43457
 43455 43458
 43460 43462
 43457 43460
 43462 43455
 43458 43486
 43930 43933
 43933 43955
 43964 43967
 43983 43964
 43967 43989
 43998 44001
 44017 43998
 44001 44023
 44032 44035
 44051 44032
 44035 44057
 44066 44069
 44085 44066
 44069 44091
 44100 44103
 44116 44100
 44103 74021
 74021 74020
 44328 44331
 44341 44328
 44331 44356
 44362 44365
 44365 44393
 44375 44362
 44396 44399
 44399 44427
 44409 44396
 44430 44433
 44433 44461
 44443 44430
 44464 44467
 44467 44495
 44477 44464
 44498 44501
 44501 44529
 44511 44498
 44532 44535
 44535 44563
 44545 44532
 44566 44569
 44569 44597
 44579 44566
 44599 44602
 44600 44603
 44603 44631
 44612 44599
 44613 44600
 44602 44621
 44633 44636
 44634 44637
 44636 44664
 44637 44665
 44647 44634
 44649 44633
 44668 44671
 44671 44699
 44681 44668
 44700 44703
 44701 44704
 44702 44705
 44706 44708
 44703 44706
 44708 44701
 44705 44733
 44713 44700
 44715 44702
 44704 44723
 44734 44737
 44736 44739
 44737 44765
 44739 44767
 44747 44734
 44749 44736
 44768 44771
 44770 44773
 44771 44799
 44773 44801
 44781 44768
 44783 44770
 44802 44805
 44803 44806
 44804 44807
 44805 44833
 44807 44835
 44815 44802
 44816 44803
 44817 44804
 44806 44825
 44836 44839
 44837 44840
 44838 44841
 44839 44867
 44840 44868
 44841 44869
 44851 44838
 44852 44836
 44853 44837
 44871 44874
 44872 44875
 44875 44903
 44884 44871
 44885 44872
 44874 44893
 44905 44908
 44906 44909
 44908 44936
 44909 44937
 44918 44905
 44919 44906
 44939 44942
 44940 44943
 44942 44970
 44943 44971
 44955 44939
 44956 44940
 44972 44975
 44973 44976
 44978 44980
 44975 44978
 44980 44973
 44976 44995
 44988 44972
 45008 45011
 45011 45030
 45024 45008
 45716 45719
 45726 45716
 45719 74023
 74023 74022
 45844 45847
 45857 45844
 45878 45881
 45879 45882
 45880 45883
 45884 45886
 45885 45887
 45882 45884
 45883 45885
 45886 45878
 45887 45879
 45881 45909
 45893 45880
 45912 45915
 45914 45917
 45917 45945
 45925 45912
 45927 45914
 45946 45949
 45947 45950
 45948 45951
 45952 45954
 45950 45952
 45954 45946
 45949 45977
 45951 45979
 45960 45947
 45961 45948
 45981 45984
 45982 45985
 45984 46012
 45985 46013
 45995 45982
 45991 45981
 46016 46019
 46019 46047
 46029 46016
 46050 46053
 46053 46081
 46060 46050
 46185 46188
 46188 46207
 46201 46185
 46219 46222
 46232 46219
 46222 46241
 46253 46256
 46256 46284
 46266 46253
 46287 46290
 46290 46318
 46303 46287
 46321 46324
 46334 46321
 46324 46343
 46355 46358
 46358 46386
 46368 46355
 46389 46392
 46392 46420
 46405 46389
 46423 46426
 46436 46423
 46426 46445
 46457 46460
 46460 46488
 46473 46457
 46525 46528
 46526 46529
 46531 46533
 46528 46531
 46533 46526
 46538 46525
 46529 46548
 46558 46561
 46559 46562
 46560 46563
 46562 46590
 46573 46560
 46561 46580
 46563 46582
 46575 46559
 46594 46597
 46597 46625
 46610 46594
 46626 46629
 46627 46630
 46632 46634
 46629 46632
 46634 46627
 46630 46649
 46694 46697
 46695 46698
 46700 46702
 46697 46700
 46702 46695
 46698 46717
 47102 47105
 47105 47127
 47136 47139
 47155 47136
 47139 47161
 47170 47173
 47189 47170
 47173 47195
 47204 47207
 47223 47204
 47207 47229
 47238 47241
 47257 47238
 47241 47263
 47272 47275
 47288 47272
 47275 74025
 74025 74024
 47302 47305
 47312 47302
 47305 47327
 47567 47570
 47568 47571
 47573 47575
 47571 47573
 47575 47567
 47578 47568
 47570 47595
 47636 47639
 47649 47636
 47639 47664
 47670 47673
 47673 47701
 47683 47670
 47704 47707
 47707 47735
 47717 47704
 47738 47741
 47741 47769
 47751 47738
 47771 47774
 47772 47775
 47777 47779
 47774 47777
 47779 47772
 47775 47803
 47787 47771
 47805 47808
 47806 47809
 47819 47806
 47808 47827
 47809 47828
 47821 47805
 47839 47842
 47840 47843
 47843 47871
 47852 47839
 47853 47840
 47842 47861
 47872 47875
 47873 47876
 47874 47877
 47878 47880
 47875 47878
 47880 47873
 47876 47904
 47877 47905
 47885 47872
 47887 47874
 47906 47909
 47907 47910
 47908 47911
 47909 47937
 47911 47939
 47919 47906
 47921 47908
 47910 47929
 47923 47907
 47940 47943
 47941 47944
 47942 47945
 47943 47971
 47945 47973
 47953 47940
 47954 47941
 47955 47942
 47944 47963
 47974 47977
 47975 47978
 47976 47979
 47977 48005
 47978 48006
 47979 48007
 47987 47974
 47988 47975
 47989 47976
 48008 48011
 48009 48012
 48010 48013
 48011 48039
 48012 48040
 48013 48041
 48021 48008
 48023 48010
 48025 48009
 48042 48045
 48043 48046
 48044 48047
 48045 48073
 48047 48075
 48055 48042
 48056 48043
 48057 48044
 48046 48065
 48076 48079
 48077 48080
 48078 48081
 48079 48107
 48080 48108
 48081 48109
 48089 48076
 48090 48077
 48091 48078
 48110 48113
 48111 48114
 48112 48115
 48113 48141
 48114 48142
 48115 48143
 48123 48110
 48124 48111
 48128 48112
 48144 48147
 48145 48148
 48146 48149
 48147 48175
 48148 48176
 48158 48145
 48149 48168
 48160 48144
 48162 48146
 48179 48182
 48182 48210
 48192 48179
 48213 48216
 48216 48244
 48229 48213
 48281 48284
 48284 48303
 48297 48281
 48888 48891
 48898 48888
 48891 48913
 49016 49019
 49017 49020
 49018 49021
 49022 49024
 49023 49025
 49020 49022
 49021 49023
 49024 49016
 49025 49017
 49031 49018
 49052 49055
 49055 49083
 49065 49052
 49084 49087
 49085 49088
 49086 49089
 49090 49092
 49088 49090
 49092 49084
 49089 49117
 49098 49085
 49099 49086
 49119 49122
 49120 49123
 49122 49150
 49123 49151
 49132 49119
 49130 49120
 49152 49155
 49153 49156
 49154 49157
 49156 49184
 49165 49152
 49166 49153
 49167 49154
 49157 49182
 49186 49189
 49187 49190
 49188 49191
 49189 49217
 49190 49218
 49191 49219
 49200 49187
 49201 49188
 49196 49186
 49221 49224
 49222 49225
 49224 49252
 49225 49253
 49234 49221
 49232 49222
 49255 49258
 49256 49259
 49261 49263
 49259 49261
 49263 49255
 49258 49286
 49269 49256
 49290 49293
 49293 49321
 49303 49290
 49324 49327
 49327 49355
 49337 49324
 49356 49359
 49357 49360
 49358 49361
 49362 49364
 49360 49362
 49364 49356
 49361 49389
 49370 49357
 49371 49358
 49391 49394
 49392 49395
 49394 49422
 49395 49423
 49407 49391
 49408 49392
 49425 49428
 49426 49429
 49431 49433
 49428 49431
 49433 49426
 49429 49448
 49441 49425
 49459 49462
 49472 49459
 49462 49481
 49493 49496
 49496 49524
 49509 49493
 49527 49530
 49528 49531
 49541 49528
 49530 49549
 49531 49550
 49543 49527
 49561 49564
 49562 49565
 49565 49593
 49574 49561
 49575 49562
 49564 49583
 49595 49598
 49596 49599
 49598 49626
 49599 49627
 49608 49595
 49609 49596
 49628 49631
 49629 49632
 49630 49633
 49632 49660
 49633 49661
 49641 49628
 49643 49630
 49631 49650
 49645 49629
 49662 49665
 49663 49666
 49664 49667
 49665 49693
 49667 49695
 49676 49663
 49677 49664
 49666 49685
 49696 49699
 49697 49700
 49698 49701
 49702 49704
 49699 49702
 49704 49697
 49700 49728
 49701 49729
 49709 49696
 49711 49698
 49730 49733
 49732 49735
 49733 49761
 49735 49763
 49748 49732
 49764 49767
 49765 49768
 49766 49769
 49770 49772
 49767 49770
 49772 49765
 49777 49764
 49779 49766
 49768 49787
 49769 49788
 49798 49801
 49799 49802
 49800 49803
 49805 49807
 49802 49805
 49807 49800
 49801 49829
 49803 49831
 49812 49799
 49833 49836
 49836 49864
 49846 49833
 49866 49869
 49867 49870
 49870 49898
 49869 49888
 49883 49867
 50274 50277
 50277 50296
 50474 50477
 50484 50474
 50477 50499
 50706 50709
 50719 50706
 50709 50734
 50740 50743
 50743 50771
 50753 50740
 50772 50775
 50773 50776
 50774 50777
 50778 50780
 50776 50778
 50780 50772
 50777 50805
 50786 50773
 50784 50774
 50775 50800
 50807 50810
 50808 50811
 50810 50838
 50821 50808
 50817 50807
 50811 50836
 50842 50845
 50845 50873
 50855 50842
 50876 50879
 50879 50907
 50889 50876
 50909 50912
 50910 50913
 50913 50941
 50922 50909
 50923 50910
 50912 50931
 50943 50946
 50944 50947
 50946 50974
 50947 50975
 50956 50943
 50957 50944
 50977 50980
 50978 50981
 50980 51008
 50981 51009
 50990 50977
 50991 50978
 51011 51014
 51012 51015
 51014 51042
 51015 51043
 51024 51011
 51028 51012
 51044 51047
 51045 51048
 51046 51049
 51048 51076
 51057 51044
 51059 51046
 51047 51066
 51049 51068
 51061 51045
 51078 51081
 51079 51082
 51080 51083
 51081 51109
 51083 51111
 51091 51078
 51092 51079
 51093 51080
 51082 51101
 51112 51115
 51113 51116
 51114 51117
 51115 51143
 51116 51144
 51117 51145
 51125 51112
 51129 51113
 51130 51114
 51146 51149
 51147 51150
 51148 51151
 51149 51177
 51159 51146
 51161 51148
 51150 51169
 51151 51170
 51163 51147
 51180 51183
 51182 51185
 51183 51211
 51185 51213
 51193 51180
 51195 51182
 51214 51217
 51215 51218
 51216 51219
 51217 51245
 51219 51247
 51228 51215
 51229 51216
 51218 51237
 51230 51214
 51249 51252
 51250 51253
 51252 51280
 51253 51281
 51263 51250
 51265 51249
 51283 51286
 51284 51287
 51289 51291
 51286 51289
 51291 51284
 51287 51315
 51296 51283
 51317 51320
 51318 51321
 51320 51348
 51330 51317
 51331 51318
 51321 51340
 51351 51354
 51352 51355
 51354 51382
 51355 51383
 51367 51351
 51368 51352
 51452 51455
 51453 51456
 51458 51460
 51455 51458
 51460 51453
 51456 51475
 51468 51452
 51860 51863
 51863 51885
 51876 51860
 51894 51897
 51913 51894
 51897 51919
 51928 51931
 51947 51928
 51931 51953
 51962 51965
 51981 51962
 51965 51987
 51996 51999
 52015 51996
 51999 52018
 52060 52063
 52070 52060
 52063 52085
 52188 52191
 52198 52188
 52256 52259
 52266 52256
 52324 52327
 52337 52324
 52358 52361
 52359 52362
 52360 52363
 52364 52366
 52362 52364
 52366 52358
 52361 52389
 52373 52360
 52369 52359
 52363 52388
 52392 52395
 52393 52396
 52394 52397
 52397 52425
 52405 52392
 52406 52393
 52407 52394
 52396 52421
 52426 52429
 52427 52430
 52428 52431
 52429 52457
 52430 52458
 52431 52459
 52440 52427
 52441 52428
 52436 52426
 52461 52464
 52462 52465
 52464 52492
 52465 52493
 52474 52461
 52475 52462
 52495 52498
 52496 52499
 52498 52526
 52499 52527
 52509 52496
 52511 52495
 52528 52531
 52529 52532
 52530 52533
 52533 52561
 52541 52528
 52542 52529
 52543 52530
 52532 52551
 52562 52565
 52563 52566
 52564 52567
 52565 52593
 52566 52594
 52567 52595
 52575 52562
 52576 52563
 52577 52564
 52596 52599
 52597 52600
 52598 52601
 52599 52627
 52600 52628
 52601 52629
 52609 52596
 52610 52597
 52611 52598
 52630 52633
 52631 52634
 52632 52635
 52633 52661
 52634 52662
 52635 52663
 52644 52631
 52646 52630
 52648 52632
 52664 52667
 52665 52668
 52666 52669
 52668 52696
 52677 52664
 52679 52666
 52667 52686
 52669 52688
 52681 52665
 52698 52701
 52699 52702
 52700 52703
 52701 52729
 52703 52731
 52711 52698
 52712 52699
 52713 52700
 52702 52721
 52732 52735
 52733 52736
 52734 52737
 52735 52763
 52736 52764
 52737 52765
 52745 52732
 52749 52733
 52750 52734
 52766 52769
 52767 52770
 52769 52797
 52780 52767
 52770 52789
 52801 52804
 52804 52832
 52817 52801
 52834 52837
 52837 52856
 52868 52871
 52870 52873
 52881 52868
 52883 52870
 52871 52890
 52873 52892
 52902 52905
 52903 52906
 52904 52907
 52905 52933
 52907 52935
 52916 52903
 52906 52925
 52920 52904
 52937 52940
 52940 52968
 52950 52937
 52970 52973
 52971 52974
 52974 53002
 52984 52971
 52973 52992
 53005 53008
 53008 53036
 53018 53005
 53038 53041
 53039 53042
 53042 53070
 53041 53060
 53055 53039
 53378 53381
 53381 53403
 53412 53415
 53431 53412
 53415 53434
 53446 53449
 53449 53471
 53480 53483
 53499 53480
 53483 53505
 53514 53517
 53533 53514
 53517 53539
 53548 53551
 53567 53548
 53551 53570
 53582 53585
 53585 53607
 53598 53582
 53616 53619
 53632 53616
 53619 74027
 74027 74026
 53646 53649
 53659 53646
 53649 53671
 53674 53677
 53677 53705
 53687 53674
 53708 53711
 53711 53739
 53721 53708
 53742 53745
 53745 53773
 53755 53742
 53774 53777
 53776 53779
 53779 53807
 53789 53776
 53784 53774
 53777 53802
 53810 53813
 53813 53841
 53823 53810
 53842 53845
 53844 53847
 53847 53875
 53857 53844
 53852 53842
 53845 53870
 53878 53881
 53881 53909
 53891 53878
 53912 53915
 53915 53943
 53925 53912
 53945 53948
 53946 53949
 53949 53977
 53958 53945
 53959 53946
 53948 53973
 53979 53982
 53980 53983
 53982 54010
 53983 54011
 53992 53979
 53993 53980
 54012 54015
 54013 54016
 54014 54017
 54016 54044
 54017 54045
 54025 54012
 54026 54013
 54027 54014
 54015 54040
 54046 54049
 54047 54050
 54048 54051
 54049 54077
 54050 54078
 54051 54079
 54059 54046
 54060 54047
 54061 54048
 54080 54083
 54081 54084
 54082 54085
 54083 54111
 54084 54112
 54085 54113
 54093 54080
 54094 54081
 54095 54082
 54114 54117
 54115 54118
 54116 54119
 54117 54145
 54118 54146
 54119 54147
 54127 54114
 54129 54116
 54131 54115
 54148 54151
 54149 54152
 54150 54153
 54151 54179
 54153 54181
 54161 54148
 54162 54149
 54163 54150
 54152 54171
 54182 54185
 54183 54186
 54184 54187
 54185 54213
 54186 54214
 54187 54215
 54195 54182
 54196 54183
 54197 54184
 54216 54219
 54217 54220
 54218 54221
 54219 54247
 54220 54248
 54221 54249
 54229 54216
 54230 54217
 54231 54218
 54250 54253
 54251 54254
 54252 54255
 54253 54281
 54254 54282
 54255 54283
 54264 54251
 54266 54250
 54268 54252
 54284 54287
 54285 54288
 54288 54316
 54297 54284
 54287 54306
 54301 54285
 54318 54321
 54319 54322
 54321 54349
 54331 54318
 54332 54319
 54322 54341
 54352 54355
 54353 54356
 54355 54383
 54356 54384
 54365 54352
 54369 54353
 54386 54389
 54389 54417
 54399 54386
 54420 54423
 54422 54425
 54423 54451
 54435 54422
 54425 54444
 54436 54420
 54454 54457
 54456 54459
 54459 54487
 54457 54476
 54470 54454
 54472 54456
 54489 54492
 54492 54511
 54505 54489
 54522 54525
 54535 54522
 54525 54544
 54556 54559
 54559 54587
 54572 54556
 54590 54593
 54603 54590
 54593 54612
 54624 54627
 54627 54655
 54640 54624
 54998 55001
 55001 55020
 55014 54998
 55134 55137
 55137 55156
 55150 55134
 55360 55363
 55361 55364
 55366 55368
 55364 55366
 55368 55360
 55374 55361
 55363 55388
 55395 55398
 55398 55426
 55408 55395
 55428 55431
 55429 55432
 55432 55460
 55441 55428
 55442 55429
 55431 55456
 55462 55465
 55463 55466
 55464 55467
 55469 55471
 55467 55469
 55471 55463
 55465 55493
 55466 55494
 55477 55464
 55472 55462
 55496 55499
 55498 55501
 55501 55529
 55509 55496
 55511 55498
 55530 55533
 55531 55534
 55532 55535
 55536 55538
 55534 55536
 55538 55530
 55533 55561
 55535 55563
 55544 55531
 55545 55532
 55564 55567
 55565 55568
 55566 55569
 55568 55596
 55569 55597
 55578 55565
 55579 55566
 55574 55564
 55599 55602
 55600 55603
 55602 55630
 55603 55631
 55612 55599
 55613 55600
 55632 55635
 55633 55636
 55634 55637
 55636 55664
 55637 55665
 55645 55632
 55646 55633
 55647 55634
 55666 55669
 55667 55670
 55668 55671
 55669 55697
 55670 55698
 55671 55699
 55680 55667
 55681 55668
 55676 55666
 55700 55703
 55701 55704
 55702 55705
 55704 55732
 55705 55733
 55713 55700
 55714 55701
 55715 55702
 55734 55737
 55735 55738
 55736 55739
 55737 55765
 55738 55766
 55739 55767
 55747 55734
 55749 55736
 55751 55735
 55768 55771
 55769 55772
 55770 55773
 55771 55799
 55773 55801
 55781 55768
 55782 55769
 55783 55770
 55772 55791
 55802 55805
 55803 55806
 55804 55807
 55805 55833
 55806 55834
 55807 55835
 55815 55802
 55816 55803
 55817 55804
 55836 55839
 55837 55840
 55838 55841
 55839 55867
 55840 55868
 55841 55869
 55849 55836
 55850 55837
 55851 55838
 55870 55873
 55871 55874
 55872 55875
 55873 55901
 55874 55902
 55875 55903
 55884 55871
 55885 55872
 55886 55870
 55904 55907
 55905 55908
 55906 55909
 55908 55936
 55909 55937
 55917 55904
 55919 55906
 55907 55926
 55921 55905
 55938 55941
 55939 55942
 55940 55943
 55941 55969
 55943 55971
 55952 55939
 55953 55940
 55942 55961
 55972 55975
 55973 55976
 55974 55977
 55976 56004
 55977 56005
 55985 55972
 55986 55973
 55987 55974
 55975 55994
 56006 56009
 56007 56010
 56008 56011
 56009 56037
 56010 56038
 56011 56039
 56020 56007
 56024 56008
 56040 56043
 56041 56044
 56044 56072
 56054 56041
 56043 56062
 56056 56040
 56074 56077
 56075 56078
 56078 56106
 56077 56096
 56091 56075
 56108 56111
 56111 56130
 56124 56108
 56142 56145
 56145 56164
 56176 56179
 56179 56198
 56192 56176
 56210 56213
 56213 56232
 56244 56247
 56257 56244
 56247 56266
 56278 56281
 56281 56309
 56346 56349
 56349 56368
 56414 56417
 56417 56436
 56482 56485
 56485 56504
 56550 56553
 56553 56572
 56584 56587
 56587 56606
 56600 56584
 56618 56621
 56621 56643
 56652 56655
 56671 56652
 56655 56674
 56720 56723
 56723 56745
 56736 56720
 56754 56757
 56773 56754
 56757 56779
 56788 56791
 56804 56788
 56791 56807
 57048 57051
 57061 57048
 57051 57076
 57082 57085
 57085 57113
 57095 57082
 57116 57119
 57117 57120
 57122 57124
 57120 57122
 57124 57116
 57119 57147
 57130 57117
 57150 57153
 57151 57154
 57154 57182
 57164 57151
 57160 57150
 57153 57178
 57185 57188
 57188 57216
 57198 57185
 57219 57222
 57222 57250
 57232 57219
 57252 57255
 57253 57256
 57256 57284
 57265 57252
 57266 57253
 57255 57280
 57286 57289
 57287 57290
 57289 57317
 57290 57318
 57299 57286
 57300 57287
 57320 57323
 57321 57324
 57323 57351
 57324 57352
 57333 57320
 57334 57321
 57354 57357
 57355 57358
 57357 57385
 57358 57386
 57367 57354
 57371 57355
 57388 57391
 57391 57419
 57401 57388
 57422 57425
 57423 57426
 57425 57453
 57435 57422
 57436 57423
 57426 57445
 57456 57459
 57457 57460
 57459 57487
 57460 57488
 57469 57456
 57470 57457
 57490 57493
 57491 57494
 57493 57521
 57494 57522
 57504 57491
 57506 57490
 57524 57527
 57525 57528
 57528 57556
 57537 57524
 57527 57546
 57541 57525
 57558 57561
 57561 57589
 57574 57558
 57592 57595
 57605 57592
 57595 57614
 57626 57629
 57629 57657
 57642 57626
 57660 57663
 57663 57682
 57676 57660
 57694 57697
 57697 57716
 57710 57694
 57728 57731
 57731 57750
 57744 57728
 57762 57765
 57765 57784
 57778 57762
 57796 57799
 57799 57818
 57812 57796
 57830 57833
 57833 57852
 57846 57830
 57932 57935
 57935 57954
 57948 57932
 58000 58003
 58003 58022
 58016 58000
 58068 58071
 58071 58090
 58084 58068
 58136 58139
 58139 58158
 58152 58136
 58170 58173
 58173 58192
 58186 58170
 58238 58241
 58241 58260
 58254 58238
 58374 58377
 58377 58393
 58387 58374
 58736 58739
 58737 58740
 58742 58744
 58740 58742
 58744 58736
 58750 58737
 58739 58764
 58771 58774
 58774 58802
 58784 58771
 58804 58807
 58805 58808
 58808 58836
 58817 58804
 58818 58805
 58838 58841
 58839 58842
 58841 58869
 58842 58870
 58852 58839
 58848 58838
 58872 58875
 58873 58876
 58876 58904
 58885 58872
 58886 58873
 58906 58909
 58907 58910
 58909 58937
 58910 58938
 58919 58906
 58920 58907
 58940 58943
 58941 58944
 58943 58971
 58944 58972
 58953 58940
 58954 58941
 58974 58977
 58975 58978
 58977 59005
 58978 59006
 58987 58974
 58988 58975
 59008 59011
 59009 59012
 59011 59039
 59012 59040
 59021 59008
 59025 59009
 59042 59045
 59045 59073
 59055 59042
 59076 59079
 59079 59107
 59089 59076
 59110 59113
 59113 59141
 59126 59110
 59144 59147
 59157 59144
 59147 59166
 59178 59181
 59181 59209
 59194 59178
 59212 59215
 59225 59212
 59215 59234
 59246 59249
 59249 59277
 59262 59246
 59280 59283
 59283 59302
 59296 59280
 59314 59317
 59317 59336
 59330 59314
 59348 59351
 59351 59370
 59364 59348
 59382 59385
 59385 59404
 59398 59382
 59416 59419
 59419 59438
 59432 59416
 59518 59521
 59521 59540
 59534 59518
 59586 59589
 59589 59611
 59602 59586
 59620 59623
 59639 59620
 59623 59642
 59654 59657
 59657 59676
 59670 59654
 59722 59725
 59725 59744
 59738 59722
 59756 59759
 59759 59781
 59772 59756
 59790 59793
 59809 59790
 59793 59812
 59824 59827
 59827 59846
 59840 59824
 59960 59963
 59963 59979
 59973 59960
 60424 60427
 60437 60424
 60427 60452
 60458 60461
 60461 60489
 60471 60458
 60492 60495
 60495 60523
 60505 60492
 60526 60529
 60529 60557
 60539 60526
 60560 60563
 60563 60591
 60573 60560
 60594 60597
 60597 60625
 60607 60594
 60628 60631
 60631 60659
 60641 60628
 60662 60665
 60665 60693
 60675 60662
 60696 60699
 60699 60727
 60709 60696
 60730 60733
 60733 60761
 60746 60730
 60764 60767
 60777 60764
 60767 60786
 60798 60801
 60801 60829
 60814 60798
 60832 60835
 60845 60832
 60835 60854
 60866 60869
 60869 60897
 60882 60866
 60900 60903
 60903 60922
 60916 60900
 60934 60937
 60937 60956
 60950 60934
 60968 60971
 60971 60990
 60984 60968
 61002 61005
 61005 61024
 61018 61002
 61104 61107
 61107 61126
 61120 61104
 61206 61209
 61209 61228
 61222 61206
 61240 61243
 61243 61265
 61256 61240
 61274 61277
 61293 61274
 61277 61296
 61308 61311
 61311 61333
 61324 61308
 61342 61345
 61361 61342
 61345 61364
 61376 61379
 61379 61398
 61392 61376
 61410 61413
 61413 61435
 61426 61410
 61444 61447
 61463 61444
 61447 61466
 61546 61549
 61559 61546
 61549 74029
 74029 74028
 62044 62047
 62057 62044
 62078 62081
 62081 62109
 62091 62078
 62112 62115
 62115 62143
 62125 62112
 62146 62149
 62149 62177
 62159 62146
 62180 62183
 62183 62211
 62193 62180
 62214 62217
 62217 62245
 62227 62214
 62248 62251
 62251 62279
 62261 62248
 62282 62285
 62285 62313
 62295 62282
 62316 62319
 62319 62347
 62329 62316
 62350 62353
 62353 62381
 62366 62350
 62418 62421
 62421 62440
 62434 62418
 62486 62489
 62489 62508
 62502 62486
 62520 62523
 62523 62542
 62536 62520
 62554 62557
 62557 62576
 62570 62554
 62588 62591
 62591 62610
 62604 62588
 62690 62693
 62693 62712
 62706 62690
 62792 62795
 62795 62814
 62808 62792
 62860 62863
 62863 62882
 62876 62860
 62928 62931
 62931 62950
 62944 62928
 62962 62965
 62965 62987
 62978 62962
 62996 62999
 63015 62996
 62999 63018
 63030 63033
 63033 63055
 63046 63030
 63064 63067
 63083 63064
 63067 63089
 63098 63101
 63117 63098
 63101 63123
 63132 63135
 63148 63132
 63135 63151
 63902 63905
 63915 63902
 63905 63924
 63936 63939
 63939 63967
 63949 63936
 63970 63973
 63973 64001
 63983 63970
 64004 64007
 64007 64035
 64020 64004
 64038 64041
 64051 64038
 64041 64060
 64072 64075
 64075 64103
 64088 64072
 64106 64109
 64109 64128
 64122 64106
 64140 64143
 64143 64162
 64156 64140
 64174 64177
 64177 64196
 64190 64174
 64276 64279
 64279 64298
 64292 64276
 64378 64381
 64381 64403
 64394 64378
 64412 64415
 64431 64412
 64415 64434
 64446 64449
 64449 64468
 64462 64446
 64514 64517
 64517 64536
 64530 64514
 64582 64585
 64585 64607
 64598 64582
 64616 64619
 64635 64616
 64619 64641
 64650 64653
 64669 64650
 64653 64675
 64684 64687
 64703 64684
 64687 64706
 64718 64721
 64731 64718
 64721 74031
 74031 74030
 65454 65457
 65467 65454
 65457 65476
 65488 65491
 65491 65519
 65504 65488
 65522 65525
 65535 65522
 65525 65544
 65556 65559
 65559 65587
 65569 65556
 65590 65593
 65593 65621
 65603 65590
 65624 65627
 65627 65655
 65640 65624
 65658 65661
 65671 65658
 65661 65680
 65692 65695
 65695 65723
 65708 65692
 65726 65729
 65729 65748
 65742 65726
 65760 65763
 65763 65782
 65776 65760
 65862 65865
 65865 65884
 65878 65862
 65998 66001
 66001 66020
 66014 65998
 66032 66035
 66035 66054
 66048 66032
 66100 66103
 66103 66122
 66116 66100
 66270 66273
 66273 66295
 66286 66270
 66304 66307
 66320 66304
 66307 66323
 67006 67009
 67019 67006
 67009 67028
 67040 67043
 67043 67071
 67056 67040
 67108 67111
 67111 67130
 67124 67108
 67244 67247
 67247 67266
 67260 67244
 67278 67281
 67291 67278
 67281 67300
 67312 67315
 67315 67343
 67328 67312
 67346 67349
 67349 67368
 67362 67346
 67448 67451
 67451 67470
 67464 67448
 67584 67587
 67587 67606
 67600 67584
 67618 67621
 67621 67640
 67634 67618
 67686 67689
 67689 67708
 67702 67686
 67890 67893
 67893 67909
 67903 67890
 68524 68527
 68537 68524
 68527 68546
 68558 68561
 68561 68589
 68571 68558
 68592 68595
 68595 68623
 68608 68592
 68660 68663
 68673 68660
 68663 68682
 68694 68697
 68697 68725
 68710 68694
 68762 68765
 68775 68762
 68765 68784
 68796 68799
 68799 68827
 68809 68796
 68830 68833
 68833 68861
 68846 68830
 68864 68867
 68867 68886
 68880 68864
 68898 68901
 68911 68898
 68901 68920
 68932 68935
 68935 68963
 68948 68932
 69034 69037
 69037 69056
 69050 69034
 69170 69173
 69173 69192
 69186 69170
 69204 69207
 69207 69229
 69220 69204
 69238 69241
 69257 69238
 69241 69260
 69272 69275
 69275 69297
 69288 69272
 69306 69309
 69325 69306
 69309 69331
 69340 69343
 69359 69340
 69343 69362
 69476 69479
 69479 69495
 69489 69476
 70076 70079
 70089 70076
 70079 70098
 70110 70113
 70113 70141
 70126 70110
 70246 70249
 70249 70268
 70262 70246
 70314 70317
 70327 70314
 70317 70336
 70348 70351
 70351 70379
 70364 70348
 70416 70419
 70429 70416
 70419 70438
 70450 70453
 70453 70481
 70466 70450
 70484 70487
 70487 70506
 70500 70484
 70620 70623
 70623 70642
 70636 70620
 70756 70759
 70759 70781
 70772 70756
 70790 70793
 70809 70790
 70793 70812
 70824 70827
 70827 70849
 70840 70824
 70858 70861
 70877 70858
 70861 70880
 70926 70929
 70929 70948
 70942 70926
 71062 71065
 71075 71062
 71065 74033
 74033 74032
 71628 71631
 71641 71628
 71631 71650
 71662 71665
 71665 71693
 71678 71662
 71832 71835
 71835 71854
 71848 71832
 71866 71869
 71879 71866
 71869 71888
 71900 71903
 71903 71931
 71916 71900
 72002 72005
 72005 72024
 72018 72002
 72070 72073
 72073 72092
 72086 72070
 72206 72209
 72209 72228
 72222 72206
 72376 72379
 72379 72398
 72392 72376
 72444 72447
 72447 72466
 72460 72444
 72512 72515
 72515 72537
 72528 72512
 72546 72549
 72565 72546
 72549 72571
 72580 72583
 72599 72580
 72583 72602
 73118 73121
 73131 73118
 73121 74035
 74035 74034
 73174 73177
 73184 73174
 73177 74037
 74037 74036
 73202 73205
 73205 73227
 73212 73202
 73230 73233
 73233 73255
 73240 73230
 73258 73261
 73261 73283
 73268 73258
 73286 73289
 73289 73311
 73299 73286
 73314 73317
 73327 73314
 73317 74039
 74039 74038
 73426 73429
 73439 73426
 73429 74041
 74041 74040
 73482 73485
 73495 73482
 73485 74043
 74043 74042
 73594 73597
 73607 73594
 73597 74045
 74045 74044
 73734 73737
 73747 73734
 73737 74047
 74047 74046
 73790 73793
 73803 73790
 73793 74049
 74049 74048
 73902 73905
 73915 73902
 73905 74051
 74051 74050
 1872 454
 1940 510
 2110 650
 805 765
 2280 790
 861 821
 2348 846
 2450 930
 2620 1070
 2688 1126
 2824 1238
 1909 1857
 3492 1888
 1977 1925
 3560 1956
 3696 2092
 2317 2265
 3900 2296
 2385 2333
 2419 2367
 4002 2398
 4036 2432
 4206 2602
 4274 2670
 4342 2738
 2753 2781
 2787 2815
 4472 2874
 3529 3477
 5112 3508
 3597 3545
 5180 3576
 3733 3681
 3767 3715
 3801 3749
 3835 3783
 3869 3817
 5452 3848
 3937 3885
 5520 3916
 5588 3984
 5622 4018
 5792 4188
 5860 4256
 5928 4324
 6030 4426
 4441 4466
 6698 5094
 5217 5165
 5251 5199
 5285 5233
 5319 5267
 5353 5301
 5387 5335
 5421 5369
 7004 5400
 5489 5437
 7072 5468
 5557 5505
 7140 5536
 7174 5570
 7208 5604
 7378 5774
 7446 5842
 7514 5910
 7616 6012
 7644 6046
 8284 6680
 7041 6989
 8624 7020
 7109 7057
 8692 7088
 8726 7122
 8760 7156
 8794 7190
 8964 7360
 9032 7428
 9100 7496
 9168 7564
 7579 7607
 9230 7632
 8321 8269
 8355 8303
 8389 8337
 8423 8371
 8457 8405
 8491 8439
 8525 8473
 8559 8507
 8593 8541
 10176 8572
 8661 8609
 10244 8640
 10278 8674
 10312 8708
 10346 8742
 10380 8776
 10550 8946
 10618 9014
 10652 9048
 9063 9091
 10720 9116
 9131 9159
 10816 9218
 9694 11274
 9737 9685
 9771 9719
 9805 9753
 9839 9787
 9873 9821
 9907 9855
 9941 9889
 9975 9923
 10009 9957
 10043 9991
 10077 10025
 10111 10059
 10145 10093
 11728 10124
 10213 10161
 11796 10192
 11830 10226
 11864 10260
 11898 10294
 11932 10328
 11966 10362
 12136 10532
 12170 10566
 10581 10609
 12238 10634
 12306 10702
 12340 10736
 10751 10779
 10785 10810
 11246 12826
 11289 11237
 11357 11305
 11391 11339
 11425 11373
 11459 11407
 11493 11441
 11527 11475
 11561 11509
 11595 11543
 11629 11577
 11663 11611
 11697 11645
 13280 11676
 11765 11713
 13348 11744
 13382 11778
 13416 11812
 13450 11846
 13484 11880
 13518 11914
 13552 11948
 13688 12084
 12099 12127
 13756 12152
 13824 12220
 13858 12254
 12269 12297
 13926 12322
 13988 12390
 12696 14276
 12740 12688
 12774 12722
 12764 14344
 12807 12755
 12808 12756
 12841 12789
 12842 12790
 12876 12824
 12866 14446
 12909 12857
 12910 12858
 12943 12891
 12944 12892
 12977 12925
 12978 12926
 13011 12959
 13012 12960
 13045 12993
 13046 12994
 13079 13027
 13080 13028
 13113 13061
 13114 13062
 13147 13095
 13148 13096
 13181 13129
 13182 13130
 13215 13163
 13216 13164
 13249 13197
 13250 13198
 14832 13228
 13284 13232
 13317 13265
 13318 13266
 14900 13296
 14901 13297
 14934 13330
 14968 13364
 15002 13398
 15036 13432
 15070 13466
 15104 13500
 15138 13534
 15240 13636
 13651 13679
 15308 13704
 13719 13747
 15410 13806
 15444 13840
 15512 13908
 15574 13976
 14249 15829
 14293 14241
 14282 15862
 14327 14275
 14317 15897
 14360 14308
 14361 14309
 14350 15930
 14394 14342
 14395 14343
 14428 14376
 14429 14377
 14461 14409
 14462 14410
 14463 14411
 14496 14444
 14497 14445
 14529 14477
 14530 14478
 14531 14479
 14563 14511
 14564 14512
 14565 14513
 14597 14545
 14598 14546
 14599 14547
 16182 14578
 14631 14579
 14632 14580
 14665 14613
 14666 14614
 14699 14647
 14700 14648
 14733 14681
 14734 14682
 14767 14715
 14768 14716
 14801 14749
 14802 14750
 16384 14780
 14836 14784
 14869 14817
 14870 14818
 16452 14848
 16453 14849
 16486 14882
 14938 14886
 16520 14916
 14972 14920
 16554 14950
 16555 14951
 16588 14984
 16622 15018
 16656 15052
 16690 15086
 16724 15120
 16826 15222
 16860 15256
 15271 15299
 16928 15324
 15339 15367
 15373 15401
 17030 15426
 17098 15494
 17160 15562
 15732 17312
 15775 15723
 15810 15758
 15844 15792
 15868 17448
 15870 17450
 15913 15861
 15902 17482
 15903 17483
 15945 15893
 15947 15895
 15937 17517
 15980 15928
 15981 15929
 15970 17550
 16013 15961
 16014 15962
 16015 15963
 16047 15995
 16048 15996
 16049 15997
 16081 16029
 16082 16030
 16083 16031
 16115 16063
 16116 16064
 16117 16065
 16149 16097
 16150 16098
 16151 16099
 17734 16130
 16183 16131
 16184 16132
 16217 16165
 16218 16166
 16219 16167
 16251 16199
 16252 16200
 16253 16201
 16285 16233
 16286 16234
 16287 16235
 16319 16267
 16320 16268
 16321 16269
 16353 16301
 16354 16302
 16355 16303
 17936 16332
 17938 16334
 16388 16336
 16421 16369
 16422 16370
 18004 16400
 18005 16401
 18038 16434
 16490 16438
 18072 16468
 18073 16469
 18106 16502
 18140 16536
 18141 16537
 18174 16570
 18208 16604
 18242 16638
 18276 16672
 18310 16706
 18378 16774
 16789 16817
 18446 16842
 18480 16876
 16891 16919
 18548 16944
 16959 16987
 16993 17021
 18684 17080
 18746 17148
 17318 18898
 17455 19035
 17456 19036
 17498 17446
 17488 19068
 17490 19070
 17533 17481
 17523 19103
 17565 17513
 17567 17515
 17601 17549
 17633 17581
 17635 17583
 17668 17616
 17669 17617
 17701 17649
 17702 17650
 17703 17651
 19286 17682
 17735 17683
 17736 17684
 17769 17717
 17770 17718
 17771 17719
 17803 17751
 17804 17752
 17805 17753
 19388 17784
 17837 17785
 17838 17786
 17871 17819
 17872 17820
 17905 17853
 17906 17854
 17940 17888
 17973 17921
 17974 17922
 17975 17923
 19557 17953
 18009 17957
 19590 17986
 19591 17987
 18043 17991
 19626 18022
 19658 18054
 19659 18055
 19726 18122
 18178 18126
 19761 18157
 19794 18190
 19862 18258
 20066 18462
 18511 18539
 18579 18607
 18613 18641
 18647 18675
 20304 18700
 18715 18740
 18904 20484
 19007 20587
 19008 20588
 19050 18998
 19051 18999
 19074 20654
 19075 20655
 19076 20656
 19118 19066
 19108 20688
 19110 20690
 19151 19099
 19153 19101
 19143 20723
 19185 19133
 19186 19134
 19187 19135
 19219 19167
 19220 19168
 19221 19169
 19253 19201
 19254 19202
 19255 19203
 20838 19234
 19287 19235
 19288 19236
 19321 19269
 19322 19270
 19323 19271
 20906 19302
 19355 19303
 19356 19304
 19389 19337
 19390 19338
 19423 19371
 19424 19372
 19425 19373
 19457 19405
 19458 19406
 19459 19407
 21042 19438
 19491 19439
 19492 19440
 19525 19473
 19526 19474
 21108 19504
 21109 19505
 21143 19539
 21176 19572
 21177 19573
 19663 19611
 21244 19640
 19696 19644
 19697 19645
 21280 19676
 19730 19678
 21312 19708
 21313 19709
 21347 19743
 21380 19776
 21448 19844
 21652 20048
 21720 20116
 20131 20159
 20165 20193
 20199 20227
 20233 20261
 20267 20295
 21918 20320
 20492 22072
 20535 20483
 20569 20517
 20602 20550
 20603 20551
 20627 22207
 20628 22208
 20669 20617
 20670 20618
 20671 20619
 20695 22275
 20696 22276
 20738 20686
 20873 20821
 20875 20823
 22458 20854
 20907 20855
 20941 20889
 20943 20891
 20975 20923
 20977 20925
 21009 20957
 21011 20959
 22594 20990
 21043 20991
 22626 21022
 21079 21027
 21113 21061
 22695 21091
 21145 21093
 21147 21095
 22729 21125
 22730 21126
 21213 21161
 21214 21162
 21248 21196
 21281 21229
 21282 21230
 22865 21261
 22866 21262
 22899 21295
 21349 21297
 22933 21329
 21417 21365
 23034 21430
 21615 21643
 21683 21711
 21751 21779
 21785 21813
 21819 21847
 21853 21881
 21887 21912
 22078 23658
 22178 23758
 22180 23760
 22221 22169
 22223 22171
 22246 23826
 22289 22237
 22282 23862
 22314 23894
 22315 23895
 22357 22305
 22358 22306
 22391 22339
 22392 22340
 22425 22373
 22426 22374
 22459 22407
 22460 22408
 22493 22441
 22494 22442
 22495 22443
 24078 22474
 22527 22475
 22528 22476
 22561 22509
 22562 22510
 24145 22541
 22595 22543
 22630 22578
 22631 22579
 22663 22611
 22664 22612
 22665 22613
 24247 22643
 24248 22644
 22697 22645
 24281 22677
 22731 22679
 24316 22712
 22765 22713
 22766 22714
 22799 22747
 22800 22748
 24382 22778
 22834 22782
 24417 22813
 24450 22846
 24452 22848
 24484 22880
 24519 22915
 24586 22982
 22997 23025
 23697 25277
 23698 25278
 23740 23688
 23741 23689
 23773 23721
 23774 23722
 23775 23723
 23808 23756
 23841 23789
 23842 23790
 23876 23824
 23868 25448
 23909 23857
 23910 23858
 24115 24063
 25698 24094
 24182 24130
 24216 24164
 25799 24195
 25833 24229
 25834 24230
 24317 24265
 24353 24301
 25936 24332
 26003 24399
 26038 24434
 24521 24469
 26105 24501
 24920 26500
 25157 25111
 25191 25139
 25225 25173
 25259 25207
 25249 26829
 25292 25240
 25293 25241
 25351 26931
 25394 25342
 25428 25376
 25420 27000
 25462 25410
 25463 25411
 25496 25444
 25530 25478
 25564 25512
 25598 25546
 25632 25580
 25666 25614
 25700 25648
 25734 25682
 25735 25683
 27318 25714
 25768 25716
 27351 25747
 27385 25781
 25870 25818
 25871 25819
 27454 25850
 25904 25852
 25937 25885
 27522 25918
 25971 25919
 27554 25950
 27589 25985
 26073 26021
 27656 26052
 27690 26086
 26509 26537
 26543 26571
 26577 26605
 26611 26639
 26645 26670
 26945 26893
 27006 28586
 28904 27300
 28937 27333
 28971 27367
 27491 27439
 29074 27470
 27559 27507
 29142 27538
 27625 27573
 29242 27638
 28329 28283
 28363 28311
 28397 28345
 28431 28379
 28465 28413
 28499 28447
 28533 28481
 28567 28515
 28601 28549
 30490 28886
 30523 28919
 29008 28956
 29042 28990
 29076 29024
 30660 29056
 29110 29058
 29144 29092
 30727 29123
 30728 29124
 30828 29224
 31338 29734
 29749 29777
 29783 29811
 29817 29842
 32076 30472
 30560 30508
 30594 30542
 30628 30576
 30662 30610
 30696 30644
 30697 30645
 32280 30676
 30729 30677
 32314 30710
 30764 30712
 30797 30745
 30865 30813
 31267 31295
 31301 31329
 32113 32061
 32145 32093
 32179 32127
 32213 32161
 32247 32195
 33830 32226
 33865 32261
 33900 32296
 33902 33850
 33937 33885
 33969 33917
 34936 36516
 34978 34926
 35012 34960
 36594 34990
 37614 36010
 36025 36053
 36059 36087
 36093 36121
 36127 36155
 36161 36186
 36259 36213
 36293 36241
 36327 36275
 36361 36309
 36395 36343
 36429 36377
 36463 36411
 36497 36445
 36531 36479
 38180 36576
 36963 38543
 37005 36953
 37031 38611
 37073 37021
 37099 38679
 37142 37090
 38218 38166
 38252 38200
 38286 38234
 38320 38268
 38354 38302
 38388 38336
 38422 38370
 38456 38404
 38490 38438
 38524 38472
 38558 38506
 38617 40197
 38685 40265
 40134 41714
 40177 40125
 40169 41749
 40212 40160
 40237 41817
 40271 41851
 41483 43063
 41526 41474
 41560 41508
 41594 41542
 41628 41576
 41662 41610
 41696 41644
 41730 41678
 41720 43300
 41764 41712
 41789 43369
 41832 41780
 41858 43438
 42603 42557
 42637 42585
 42671 42619
 42705 42653
 42739 42687
 42773 42721
 44356 42752
 43069 44649
 43272 44852
 43273 44853
 43316 43264
 43375 44955
 43376 44956
 43419 43367
 43408 44988
 43452 43400
 43444 45024
 43486 43434
 43955 43983
 43989 44017
 44023 44051
 44057 44085
 44091 44116
 44393 44341
 44427 44375
 44461 44409
 44495 44443
 44529 44477
 44563 44511
 44597 44545
 44631 44579
 44621 46201
 44664 44612
 44665 44613
 44699 44647
 44733 44681
 44723 46303
 44765 44713
 44767 44715
 44799 44747
 44801 44749
 44833 44781
 44835 44783
 44825 46405
 44867 44815
 44868 44816
 44869 44817
 44903 44851
 44893 46473
 44936 44884
 44937 44885
 44970 44918
 44971 44919
 44995 46575
 45030 46610
 47327 45726
 45909 45857
 45945 45893
 45977 45925
 45979 45927
 46012 45960
 46013 45961
 47595 45991
 46047 45995
 46081 46029
 47664 46060
 46207 47787
 46241 47821
 46284 46232
 46318 46266
 46343 47923
 46386 46334
 46420 46368
 46445 48025
 46488 46436
 46548 48128
 46590 46538
 46580 48160
 46582 48162
 46625 46573
 46649 48229
 46717 48297
 47127 47155
 47161 47189
 47195 47223
 47229 47257
 47263 47288
 48913 47312
 49182 47578
 47701 47649
 47735 47683
 47769 47717
 47803 47751
 47827 49407
 47828 49408
 47871 47819
 47861 49441
 47904 47852
 47905 47853
 47937 47885
 47939 47887
 47929 49509
 47971 47919
 47973 47921
 47963 49543
 48005 47953
 48006 47954
 48007 47955
 48039 47987
 48040 47988
 48041 47989
 48073 48021
 48075 48023
 48065 49645
 48107 48055
 48108 48056
 48109 48057
 48141 48089
 48142 48090
 48143 48091
 48175 48123
 48176 48124
 48168 49748
 48210 48158
 48244 48192
 48303 49883
 50499 48898
 49083 49031
 49117 49065
 49150 49098
 49151 49099
 50734 49130
 49184 49132
 49217 49165
 49218 49166
 49219 49167
 50800 49196
 49252 49200
 49253 49201
 50836 49232
 49286 49234
 49321 49269
 49355 49303
 49389 49337
 49422 49370
 49423 49371
 49448 51028
 49481 51061
 49524 49472
 49549 51129
 49550 51130
 49593 49541
 49583 51163
 49626 49574
 49627 49575
 49660 49608
 49661 49609
 49650 51230
 49693 49641
 49695 49643
 49685 51265
 49728 49676
 49729 49677
 49761 49709
 49763 49711
 49787 51367
 49788 51368
 49829 49777
 49831 49779
 49864 49812
 49898 49846
 49888 51468
 50296 51876
 52085 50484
 50771 50719
 50805 50753
 52388 50784
 50838 50786
 52421 50817
 50873 50821
 50907 50855
 50941 50889
 50931 52511
 50974 50922
 50975 50923
 51008 50956
 51009 50957
 51042 50990
 51043 50991
 51076 51024
 51066 52646
 51068 52648
 51109 51057
 51111 51059
 51101 52681
 51143 51091
 51144 51092
 51145 51093
 51177 51125
 51169 52749
 51170 52750
 51211 51159
 51213 51161
 51245 51193
 51247 51195
 51237 52817
 51280 51228
 51281 51229
 51315 51263
 51348 51296
 51340 52920
 51382 51330
 51383 51331
 51475 53055
 51885 51913
 51919 51947
 51953 51981
 51987 52015
 52018 53598
 53671 52070
 53802 52198
 53870 52266
 52389 52337
 53973 52369
 52425 52373
 52457 52405
 52458 52406
 52459 52407
 54040 52436
 52492 52440
 52493 52441
 52526 52474
 52527 52475
 52561 52509
 52551 54131
 52593 52541
 52594 52542
 52595 52543
 52627 52575
 52628 52576
 52629 52577
 52661 52609
 52662 52610
 52663 52611
 52696 52644
 52686 54266
 52688 54268
 52729 52677
 52731 52679
 52721 54301
 52763 52711
 52764 52712
 52765 52713
 52797 52745
 52789 54369
 52832 52780
 52856 54436
 52890 54470
 52892 54472
 52933 52881
 52935 52883
 52925 54505
 52968 52916
 53002 52950
 52992 54572
 53036 52984
 53070 53018
 53060 54640
 53403 53431
 53434 55014
 53471 53499
 53505 53533
 53539 53567
 53570 55150
 53607 53632
 53705 53659
 53739 53687
 53773 53721
 53807 53755
 55388 53784
 53841 53789
 53875 53823
 55456 53852
 53909 53857
 53943 53891
 53977 53925
 54010 53958
 54011 53959
 54044 53992
 54045 53993
 54077 54025
 54078 54026
 54079 54027
 54111 54059
 54112 54060
 54113 54061
 54145 54093
 54146 54094
 54147 54095
 54179 54127
 54181 54129
 54171 55751
 54213 54161
 54214 54162
 54215 54163
 54247 54195
 54248 54196
 54249 54197
 54281 54229
 54282 54230
 54283 54231
 54316 54264
 54306 55886
 54349 54297
 54341 55921
 54383 54331
 54384 54332
 54417 54365
 54451 54399
 54444 56024
 54487 54435
 54476 56056
 54511 56091
 54544 56124
 54587 54535
 54612 56192
 54655 54603
 55020 56600
 55156 56736
 55426 55374
 55460 55408
 55493 55441
 55494 55442
 57076 55472
 55529 55477
 55561 55509
 55563 55511
 55596 55544
 55597 55545
 57178 55574
 55630 55578
 55631 55579
 55664 55612
 55665 55613
 55697 55645
 55698 55646
 55699 55647
 57280 55676
 55732 55680
 55733 55681
 55765 55713
 55766 55714
 55767 55715
 55799 55747
 55801 55749
 55791 57371
 55833 55781
 55834 55782
 55835 55783
 55867 55815
 55868 55816
 55869 55817
 55901 55849
 55902 55850
 55903 55851
 55936 55884
 55937 55885
 55926 57506
 55969 55917
 55971 55919
 55961 57541
 56004 55952
 56005 55953
 55994 57574
 56037 55985
 56038 55986
 56039 55987
 56072 56020
 56062 57642
 56106 56054
 56096 57676
 56130 57710
 56164 57744
 56198 57778
 56232 57812
 56266 57846
 56309 56257
 56368 57948
 56436 58016
 56504 58084
 56572 58152
 56606 58186
 56643 56671
 56674 58254
 56745 56773
 56779 56804
 56807 58387
 57113 57061
 57147 57095
 57182 57130
 58764 57160
 57216 57164
 57250 57198
 57284 57232
 57317 57265
 57318 57266
 57351 57299
 57352 57300
 57385 57333
 57386 57334
 57419 57367
 57453 57401
 57445 59025
 57487 57435
 57488 57436
 57521 57469
 57522 57470
 57556 57504
 57546 59126
 57589 57537
 57614 59194
 57657 57605
 57682 59262
 57716 59296
 57750 59330
 57784 59364
 57818 59398
 57852 59432
 57954 59534
 58022 59602
 58090 59670
 58158 59738
 58192 59772
 58260 59840
 58393 59973
 58802 58750
 58836 58784
 58869 58817
 58870 58818
 60452 58848
 58904 58852
 58937 58885
 58938 58886
 58971 58919
 58972 58920
 59005 58953
 59006 58954
 59039 58987
 59040 58988
 59073 59021
 59107 59055
 59141 59089
 59166 60746
 59209 59157
 59234 60814
 59277 59225
 59302 60882
 59336 60916
 59370 60950
 59404 60984
 59438 61018
 59540 61120
 59611 59639
 59642 61222
 59676 61256
 59744 61324
 59781 59809
 59812 61392
 59846 61426
 59979 61559
 60489 60437
 60523 60471
 60557 60505
 60591 60539
 60625 60573
 60659 60607
 60693 60641
 60727 60675
 60761 60709
 60786 62366
 60829 60777
 60854 62434
 60897 60845
 60922 62502
 60956 62536
 60990 62570
 61024 62604
 61126 62706
 61228 62808
 61265 61293
 61296 62876
 61333 61361
 61364 62944
 61398 62978
 61435 61463
 61466 63046
 62109 62057
 62143 62091
 62177 62125
 62211 62159
 62245 62193
 62279 62227
 62313 62261
 62347 62295
 62381 62329
 62440 64020
 62508 64088
 62542 64122
 62576 64156
 62610 64190
 62712 64292
 62814 64394
 62882 64462
 62950 64530
 62987 63015
 63018 64598
 63055 63083
 63089 63117
 63123 63148
 63151 64731
 63924 65504
 63967 63915
 64001 63949
 64035 63983
 64060 65640
 64103 64051
 64128 65708
 64162 65742
 64196 65776
 64298 65878
 64403 64431
 64434 66014
 64468 66048
 64536 66116
 64607 64635
 64641 64669
 64675 64703
 64706 66286
 65476 67056
 65519 65467
 65544 67124
 65587 65535
 65621 65569
 65655 65603
 65680 67260
 65723 65671
 65748 67328
 65782 67362
 65884 67464
 66020 67600
 66054 67634
 66122 67702
 66295 66320
 66323 67903
 67028 68608
 67071 67019
 67130 68710
 67266 68846
 67300 68880
 67343 67291
 67368 68948
 67470 69050
 67606 69186
 67640 69220
 67708 69288
 67909 69489
 68546 70126
 68589 68537
 68623 68571
 68682 70262
 68725 68673
 68784 70364
 68827 68775
 68861 68809
 68886 70466
 68920 70500
 68963 68911
 69056 70636
 69192 70772
 69229 69257
 69260 70840
 69297 69325
 69331 69359
 69362 70942
 69495 71075
 70098 71678
 70141 70089
 70268 71848
 70336 71916
 70379 70327
 70438 72018
 70481 70429
 70506 72086
 70642 72222
 70781 70809
 70812 72392
 70849 70877
 70880 72460
 70948 72528
 71650 73131
 71693 71641
 71854 73299
 71888 73327
 71931 71879
 72024 73439
 72092 73495
 72228 73607
 72398 73747
 72466 73803
 72537 72565
 72571 72599
 72602 73915
 73227 73184
 73255 73212
 73283 73240
 73311 73268
 73980 1
 73982 1
 73984 1
 73986 1
 73988 1
 73990 1
 73992 1
 73994 1
 73996 1
 73998 1
 74000 1
 11295 1
 74002 1
 14399 1
 14467 1
 17435 1
 17503 1
 17571 1
 17639 1
 0 17874
 0 17942
 0 18010
 0 18078
 0 18146
 0 18214
 0 18282
 0 18350
 0 18418
 0 18486
 0 18554
 74004 1
 20471 1
 20539 1
 20607 1
 20675 1
 20811 1
 0 21114
 0 21182
 0 21250
 0 21318
 0 21386
 0 21590
 0 21658
 0 21726
 23643 1
 23711 1
 23779 1
 23847 1
 0 24286
 0 24354
 0 24422
 0 24490
 0 24558
 0 24898
 74006 1
 74008 1
 26815 1
 26883 1
 0 27526
 0 27594
 0 27662
 74010 1
 74012 1
 0 30698
 0 30766
 0 30834
 0 31242
 0 33802
 0 33870
 0 33938
 74014 1
 74016 1
 0 36974
 0 37042
 0 37110
 0 37586
 0 40146
 0 40214
 74018 1
 0 43250
 0 43386
 0 43454
 0 43930
 74020 1
 74022 1
 45847 1
 45915 1
 0 46558
 0 46626
 0 46694
 0 47102
 74024 1
 49019 1
 49087 1
 49155 1
 49359 1
 0 49662
 0 49730
 0 49798
 0 49866
 0 50274
 52191 1
 52259 1
 52327 1
 52395 1
 52531 1
 0 52766
 0 52834
 0 52902
 0 52970
 0 53038
 0 53378
 0 53446
 74026 1
 55499 1
 55567 1
 55635 1
 55703 1
 0 55938
 0 56006
 0 56074
 0 56142
 0 56210
 0 56278
 0 56346
 0 56414
 0 56482
 0 56550
 0 56618
 58807 1
 58875 1
 74028 1
 62047 1
 74030 1
 74032 1
 74034 1
 74036 1
 74038 1
 74040 1
 74042 1
 74044 1
 74046 1
 74048 1
 74050 1
