390 910
470 910
310 910
550 910
750 910
630 910
670 910
790 910
310 870
310 830
790 830
310 550
790 550
310 750
790 750
310 630
470 510
670 510
310 510
350 510
710 510
750 510
790 630
310 670
790 670
790 870
350 910
790 510
750 870
350 870
390 510
710 910
310 790
630 510
790 790
350 550
750 550
550 510
350 830
590 510
430 510
390 550
670 550
430 550
510 510
470 550
510 550
550 550
590 550
390 590
310 590
350 590
430 590
390 630
630 550
350 630
470 590
710 550
790 590
750 590
710 590
670 590
750 630
710 630
430 630
750 670
790 710
630 590
670 630
710 670
750 710
350 670
390 670
310 710
510 590
590 590
350 710
470 630
430 670
550 590
510 630
550 630
590 630
630 630
470 670
470 370
310 370
350 370
430 370
470 290
470 330
470 250
470 210
430 290
390 370
310 330
350 330
430 330
390 330
470 170
350 290
430 250
390 290
270 370
390 250
310 290
430 210
350 250
430 170
390 210
390 170
350 210
350 170
310 250
270 330
310 210
630 370
670 370
710 370
750 370
630 330
630 290
670 330
630 250
630 210
670 290
630 170
710 330
790 370
750 330
710 290
670 250
750 290
710 250
790 330
830 370
670 210
670 170
710 210
750 250
790 290
710 170
750 210
750 170
790 250
830 330
790 210
392 1075
466 1075
318 1075
540 1075
761 1075
613 1075
687 1075
835 1075
244 1075
25 835
1075 835
25 540
1075 540
25 761
1075 761
25 613
1075 613
25 687
1075 687
909 1075
25 909
1075 466
1075 909
170 1075
25 466
983 1075
25 983
1075 983
25 392
1075 392
540 25
96 1075
613 25
466 25
392 25
687 25
